buxXi	vAlI	se	yukwa	yukwa	praNAlI	praNAlI	se	se}	apekRA	mAnava	ke	kI	manuRya	kI	samAna	ke	jAwI	waraha	jAwI	buxXimAnI	samAna	waraha	hE	buxXimAnI	hE	se	samaJaxArI	ki	ki	se	vaha	vyavahAra	vaha	karane	mAnava	vyavahAra	manuRya	manuRya	mAnava	kI	karane	kI	apekRA	waraha	waraha	apekRA	buxXimAnI	kI	samaJaxArI	samaJaxArI	kI	jAwI	se	buxXimAnI	se}	vyavahAra	hE	.	kare	kare	.	.
1	0	1	1	1	1	1	1	0	1	0	0	1	1	1	0	0	1	1	1	0	0	1	1	0	1	1	1	1	1	1	1	1	1	0	0	1	1	1	0	1	0	1	1	1	1	1	0	1	1	1	1	1	1	0	0	1	1	1	1	1	1	1
1	1	1	0	0	1	1	1	0	1	0	0	1	1	1	0	0	1	1	1	0	0	1	1	0	1	1	1	1	1	1	1	1	1	0	0	1	1	1	0	1	0	1	1	1	1	1	0	1	1	1	1	1	1	0	0	1	1	1	1	1	1	1
1	0	1	1	1	1	1	1	0	1	0	0	1	1	1	0	0	1	1	1	0	0	1	1	0	1	1	1	0	0	1	0	1	0	1	0	1	1	1	0	1	1	1	1	1	1	1	0	1	1	1	1	1	1	0	0	1	1	1	0	0	1	1
1	1	1	0	0	1	1	1	0	1	0	0	1	1	1	0	0	1	1	1	1	0	1	1	1	1	1	0	1	1	1	1	1	1	0	0	1	1	1	0	1	0	1	1	1	1	1	1	1	0	0	1	1	1	1	0	1	1	1	1	1	1	1
1	1	1	0	0	1	1	1	0	1	0	0	1	1	1	0	0	1	1	1	1	0	1	1	1	1	1	0	0	0	1	0	1	0	1	0	1	1	1	0	1	1	1	1	1	1	1	1	1	0	0	1	1	1	1	0	1	1	1	0	0	1	1
1	0	1	1	1	1	1	1	0	1	1	0	1	0	1	0	0	1	1	1	1	0	1	1	1	1	1	0	1	1	1	1	1	1	0	1	1	0	0	1	1	0	1	1	1	1	1	1	1	0	0	1	1	1	1	0	1	1	1	1	1	1	1
1	0	1	1	1	1	1	1	0	1	0	0	1	1	1	0	0	1	1	1	1	0	1	1	1	1	1	0	1	1	1	1	1	1	0	0	1	1	1	0	1	0	1	1	1	1	1	1	1	0	0	1	1	1	1	0	1	1	1	1	1	1	1
1	0	1	1	1	1	1	1	0	1	1	0	1	0	1	0	0	1	1	1	1	0	1	1	1	1	1	0	1	1	1	1	1	1	0	1	1	0	0	1	1	0	1	1	1	1	1	1	1	0	0	1	1	1	1	0	1	1	1	1	1	1	1
1	0	1	1	1	1	1	1	0	1	0	1	1	1	1	1	1	1	0	1	1	1	0	1	1	1	1	0	0	0	1	0	1	0	1	0	1	1	1	0	1	1	1	1	0	0	1	1	1	0	0	1	1	1	1	0	1	1	1	0	0	1	1
1	0	1	1	1	1	1	1	0	1	1	0	1	0	1	0	0	1	1	1	1	0	1	1	1	1	1	0	0	0	1	0	1	0	1	1	1	0	0	1	1	1	1	1	1	1	1	1	1	0	0	1	1	1	1	0	1	1	1	0	0	1	1
1	0	1	1	1	1	1	1	0	1	1	1	1	0	1	1	1	1	0	1	1	1	0	1	1	1	1	0	0	0	1	0	1	0	1	1	1	0	0	1	1	1	1	1	0	0	1	1	1	0	0	1	1	1	1	0	1	1	1	0	0	1	1
