praxarSana	niRpAxana	eka	upAya	mApa	mApaka	ejeMta	eka	kiwanA	vyakwiparaka	saPala	upAya	hE	hE	kI	ki	,	yaha	jo	viSeRawA	ejeMta	bawAne	yaha	karane	jo	jAnane	ke	bawAwA	yaha	kA	kiwanA	viSeRawA	bawAne	ki	lie	hE	praxAna	raKawA	saPala	hE}	isakI>>	viSeRawA	eka	kiwanA	karawA	ejeMta	saPala	ki	hE}	.	ki	howA	kiwanA	upAya	hE	saPala
1	0	1	1	0	0	1	1	1	1	1	1	1	1	0	1	0	0	0	1	1	0	0	0	0	0	0	0	0	0	1	1	0	1	0	1	0	0	1	0	0	1	1	1	0	1	1	1	0	1	1	0	1	1	1	1
0	1	1	1	0	0	1	1	1	1	1	1	1	1	0	1	0	1	1	1	1	0	1	0	1	0	0	0	1	0	1	1	0	1	0	1	1	0	1	0	0	1	1	1	1	1	1	1	0	1	1	0	1	1	1	1
0	1	1	1	1	0	1	1	1	1	1	1	1	1	0	1	0	1	1	1	1	0	1	0	1	0	0	0	1	0	1	1	0	1	0	1	1	0	1	0	0	1	1	1	1	1	1	1	0	1	1	0	1	1	1	1
0	1	1	1	1	0	1	1	1	1	1	1	1	1	0	1	0	1	1	1	1	0	1	0	1	0	0	0	1	0	1	1	0	1	0	1	0	1	1	0	0	1	1	1	0	1	1	1	0	1	1	0	1	1	1	1
0	1	1	1	0	0	1	1	1	1	1	1	1	1	0	1	0	1	1	0	1	0	1	0	1	0	0	1	1	0	1	0	0	1	0	1	0	0	1	0	0	0	1	1	0	1	1	1	0	1	1	0	1	1	1	1
0	1	1	1	1	0	1	1	1	1	1	1	1	1	0	1	0	1	1	0	1	0	1	0	1	0	0	1	1	0	1	0	0	1	0	1	0	0	1	0	0	0	1	1	0	1	1	1	0	1	1	0	1	1	1	1
1	0	1	1	0	0	1	1	1	1	1	1	1	1	0	1	0	1	1	0	1	0	1	0	1	0	0	1	1	0	1	0	0	1	0	1	0	0	1	0	0	0	1	1	0	1	1	1	0	1	1	0	1	1	1	1
1	0	1	1	1	0	1	1	1	1	1	1	1	1	1	0	0	0	0	1	1	0	0	1	0	0	1	0	0	0	1	1	0	0	1	1	0	0	1	0	0	1	1	1	0	1	1	0	0	1	0	0	1	1	1	1
0	1	1	1	0	1	1	1	1	1	1	1	1	1	0	1	1	1	1	0	1	1	1	0	1	0	0	0	1	1	1	0	1	1	0	1	0	0	1	0	0	0	1	1	1	1	1	1	0	1	1	0	1	1	1	1
1	0	1	1	0	0	1	1	1	1	1	1	1	1	0	1	0	1	0	0	1	1	1	0	0	0	0	0	1	1	1	0	1	1	0	1	0	0	1	0	0	0	1	1	0	1	1	1	0	1	1	0	1	1	1	1
1	0	1	1	0	0	1	1	1	1	1	1	1	1	0	1	0	1	0	0	1	0	1	0	0	1	1	0	1	0	1	0	0	1	1	1	0	0	1	0	0	0	1	1	0	1	1	1	0	1	1	1	1	1	1	1
