AxarSa	prawiciwraNa	mAnaciwraNa	nirxiRta	yaha	karawA	nirxiRta	hE	karawA	ki	jo	hE	ejeMta	ki	ko	ejeMta	kisI	ko	ejeMta	kisI	samaya	BI	ko	kisI	para	samaya	kisI	BI	kisI}	BI}	biMxu	kisa	ko	kOna	para	.	karanA	para	sI	biMxu	le	karanA	cAhie	kArya	para	kriyA	le	jAnA	.	cAhie	karanA	jAnA	karanI	kArya	.	cAhie	cAhie	karanA	.	.	cAhie
1	1	0	1	0	1	1	1	1	1	0	1	1	1	1	1	1	1	1	1	1	1	1	1	1	1	1	1	0	0	1	0	1	0	1	1	1	1	0	1	0	1	1	1	1	0	0	0	1	1	1	0	0	1	1	1	1	1	1	1	1
1	1	0	1	0	1	1	1	1	1	0	1	1	1	1	1	1	1	1	1	1	1	1	1	0	1	1	1	0	0	0	1	1	0	0	1	1	0	0	0	0	1	1	1	0	0	0	0	1	1	1	0	0	1	1	1	1	1	1	1	1
1	0	1	1	0	1	1	1	1	0	1	1	1	0	1	1	1	1	1	1	1	1	1	1	1	1	1	1	0	0	1	0	1	0	1	1	0	1	0	1	1	0	1	0	1	0	1	1	1	1	0	1	0	0	1	1	1	0	1	1	1
1	1	0	1	0	1	1	1	1	0	1	1	1	0	1	1	1	1	1	1	1	1	1	1	1	1	1	1	0	0	1	0	1	0	1	1	0	1	0	1	1	0	1	0	1	0	1	1	1	1	0	1	0	0	1	1	1	0	1	1	1
1	1	0	1	0	1	1	1	1	0	1	1	1	0	1	1	1	1	1	1	1	1	1	1	1	1	1	1	0	0	1	0	1	0	1	1	0	1	0	1	1	0	1	0	1	0	1	1	1	1	0	1	0	0	1	1	1	0	1	1	1
1	0	1	1	1	1	1	1	1	1	0	1	1	1	1	1	1	1	1	1	1	1	1	1	0	1	1	1	0	0	0	0	1	0	0	1	1	0	0	0	0	1	1	1	0	0	0	0	1	1	1	0	0	1	1	1	1	1	1	1	1
1	0	1	1	0	1	1	1	1	0	1	1	1	0	1	1	1	1	1	1	1	1	1	1	0	1	1	1	0	0	0	0	1	0	0	1	0	0	0	0	0	0	1	0	0	0	0	0	1	1	0	0	0	0	1	1	1	0	1	1	1
1	1	0	1	0	1	1	1	1	0	1	1	1	0	1	1	1	1	1	1	1	1	1	1	0	1	1	1	0	0	0	0	1	0	0	1	0	0	0	0	0	0	1	0	0	0	0	0	1	1	0	0	0	0	1	1	1	0	1	1	1
1	0	1	1	1	1	1	1	1	1	0	1	1	1	1	1	1	1	1	1	1	1	1	1	1	1	1	1	0	0	1	1	1	0	1	1	1	1	0	1	0	1	1	1	1	0	0	0	1	1	1	0	0	1	1	1	1	1	1	1	1
1	0	1	1	1	1	1	1	1	1	0	1	1	1	1	1	1	1	1	1	1	1	1	1	1	1	1	1	0	0	1	1	1	0	1	1	1	1	0	1	0	1	1	1	1	0	0	0	1	1	1	0	0	1	1	1	1	1	1	1	1
1	0	1	1	1	1	1	1	1	1	0	1	1	1	1	1	1	1	1	1	1	1	1	1	0	1	1	1	0	0	0	0	1	1	0	1	0	0	1	0	0	0	1	0	0	1	0	0	1	1	0	0	1	0	1	1	1	0	1	1	1
