kriyAoM	kriyA	kramoM	anukramoM	ko	ko	kArya	kriyA	meM	kriyA}	kramoM	kI	kiyA	meM	samUhIkqwa	meM	samUhabaxXa	vargIkqwa	kI	samUhIkqwa	jA	samUhIkqwa	sakawI	vargIkqwa	kiyA	sakawA	jA	kiyA	sakawI	hE	jA	jA	.	hE	sakawA	sakawA	hE	.	hE	.	.
0	1	1	0	1	1	0	1	1	0	1	0	1	1	1	1	0	0	0	1	1	1	0	0	1	1	1	1	0	1	1	1	1	1	1	1	1	1	1	1	1
0	1	1	0	1	1	0	1	1	0	1	0	1	1	0	1	0	1	0	0	1	0	0	1	1	1	1	1	0	1	1	1	1	1	1	1	1	1	1	1	1
0	1	0	1	1	1	0	1	1	0	0	0	1	1	0	1	0	1	0	0	1	0	0	1	1	1	1	1	0	1	1	1	1	1	1	1	1	1	1	1	1
1	1	0	1	1	1	0	1	1	0	0	0	1	1	1	1	0	0	0	1	1	1	0	0	1	1	1	1	0	1	1	1	1	1	1	1	1	1	1	1	1
0	1	0	1	0	0	0	1	1	0	0	1	0	1	1	1	0	0	1	1	1	1	1	0	0	0	1	0	1	1	1	1	1	1	0	0	1	1	1	1	1
0	1	0	1	0	0	0	1	1	0	0	1	0	1	1	1	0	0	1	1	1	1	1	0	0	0	1	0	1	1	1	1	1	1	0	0	1	1	1	1	1
0	1	0	1	1	1	0	1	0	0	0	0	1	0	1	0	0	0	0	1	1	1	0	0	1	1	1	1	0	1	1	1	1	1	1	1	1	1	1	1	1
0	1	0	0	1	1	0	1	1	0	0	0	1	1	0	1	0	1	0	0	1	0	0	1	1	1	1	1	0	1	1	1	1	1	1	1	1	1	1	1	1
0	1	0	0	1	1	0	1	1	0	0	0	1	1	1	1	0	0	0	1	1	1	0	0	1	1	1	1	0	1	1	1	1	1	1	1	1	1	1	1	1
0	1	0	0	1	1	0	1	1	0	0	0	1	1	0	1	1	0	0	0	1	0	0	0	1	1	1	1	0	1	1	1	1	1	1	1	1	1	1	1	1
0	1	0	0	1	1	1	1	1	0	0	0	1	1	1	1	0	0	0	1	1	1	0	0	1	1	1	1	0	1	1	1	1	1	1	1	1	1	1	1	1
