isa	prakAra	,	ejeMta	aBikarwA	eka	ko	ejeMta	aBikarwA	eka	ko	EsI	eka	EsI	praNAlI	ke	praNAlI	rUpa	ke	rUpa	meM	meM	xeKA	jA	xeKA	sakawA	jA	hE	sakawA	jo	hE	boXa	saMvexanA	parsepta	,	jo	anukramoM	boXa	anukrama	jo	anukramoM	anukrama	se	anucCinna	kAryoM	kriyAoM	anukramoM	se	kriyA	waka	kriyA	kriyAoM	se	mAnaciwraNa	kriyA	waka	ko}	kAryAnviwa	ko	prawiciwraNa	karawI	karawI	karawA	ko	hE	kAryAnviwa	hE}	.	karawA	hE
1	1	1	1	0	1	1	1	0	1	1	1	1	1	1	1	1	1	1	1	1	1	1	1	1	1	1	1	1	1	1	1	0	0	1	1	1	1	0	1	1	0	1	0	1	0	1	1	0	1	0	0	1	1	0	1	0	1	1	0	1	1	0	1	1	1	0	1	0	1
1	1	1	1	0	1	1	1	0	1	1	1	1	1	1	1	1	1	1	1	1	1	1	1	1	1	1	1	1	1	1	1	0	0	1	1	1	1	0	1	1	0	1	0	0	1	1	1	0	1	0	1	1	1	0	1	0	1	1	0	1	1	0	1	1	1	0	1	0	1
1	1	1	0	1	1	1	0	1	1	1	1	1	1	1	1	1	1	1	1	1	1	1	1	1	1	1	1	1	1	1	1	0	0	1	1	1	1	0	1	1	0	1	0	0	1	1	1	0	1	0	1	1	1	0	1	0	1	1	0	1	1	0	1	1	1	0	1	0	1
1	1	1	1	0	1	1	1	0	1	1	1	1	1	1	1	1	1	1	1	1	1	1	1	1	1	1	1	1	1	1	1	0	0	1	1	1	1	0	1	1	0	1	0	0	1	1	1	0	1	0	1	1	1	0	1	0	1	1	0	1	1	0	1	1	1	0	1	0	1
1	1	1	0	1	1	1	0	1	1	1	1	1	1	1	1	1	1	1	1	1	1	1	1	1	1	1	1	1	1	1	1	0	0	1	1	0	1	1	1	0	1	1	0	0	0	0	1	1	1	1	0	1	1	1	1	0	1	1	0	1	1	0	1	1	1	0	1	0	1
1	1	1	0	1	1	1	0	1	1	1	1	1	1	1	1	1	1	1	1	1	1	1	1	1	1	1	1	1	1	1	1	0	0	1	1	0	1	1	1	0	1	1	0	0	1	0	1	0	1	0	1	1	1	0	1	0	1	1	0	1	1	0	1	1	1	0	1	0	1
1	1	1	1	0	1	1	1	0	1	1	1	1	1	1	1	1	1	1	1	1	1	1	1	1	1	1	1	1	1	1	1	0	0	1	1	0	1	1	1	0	1	1	0	0	0	0	1	1	1	1	0	1	0	1	1	0	1	1	1	1	1	0	1	1	1	0	1	0	1
1	1	1	0	1	1	1	0	1	1	1	1	1	1	1	1	1	1	1	1	1	1	1	1	1	1	1	1	1	1	1	1	0	0	1	1	1	1	0	1	1	0	1	0	0	1	1	1	0	1	0	1	1	0	0	1	0	1	1	1	1	1	0	1	1	1	0	1	0	1
1	1	1	1	0	1	1	1	0	1	1	1	1	1	1	1	1	1	1	1	1	1	1	1	1	1	1	1	1	1	1	0	0	0	1	1	1	0	0	1	1	0	1	1	0	0	1	1	1	0	1	0	1	0	1	0	0	1	1	1	0	0	1	1	1	1	0	1	1	1
1	1	1	1	0	1	1	1	0	1	1	0	1	0	1	1	1	1	1	1	1	1	1	1	1	1	1	1	1	1	1	0	0	1	1	1	0	0	1	1	0	1	1	0	0	0	0	1	1	1	1	0	1	1	1	1	0	1	1	0	0	0	1	1	1	1	0	1	1	1
1	1	1	0	1	1	1	0	1	1	1	0	1	0	1	1	1	1	1	1	1	1	1	1	1	1	1	1	1	1	1	0	0	1	1	1	0	0	1	1	0	1	1	0	1	0	0	1	0	1	0	0	1	1	0	1	0	0	1	0	1	1	0	1	1	0	0	1	0	1
1	1	1	0	1	1	1	0	1	1	1	0	1	0	1	1	1	1	1	1	1	1	1	1	1	1	1	1	1	1	1	0	1	0	1	1	0	0	1	1	0	1	1	0	0	0	0	1	1	1	1	0	1	1	1	1	0	0	1	0	1	1	0	1	1	0	0	1	0	1
