unakI	ve	inakI	seMsara	AMKeM	AzKeM	ke	seMsara	,	lie	ke	AzKeM	kAna	AMKeM	lie	,	AzKeM	kAna	,	wvacA	,}	svAxa	,	wvacA	kaliyAM	kaliyoM	wvacA	kI	kaliyAz	,	Axi	kaliyAM	svAxa	,	svAxa	Axi	kaliyAM	seMsara	ke	kaliyoM	,	seMsara	lie	Axi	ke	,	,}	Ora	hEM	hE	,	hAWa	,	Ora	,}	uMgaliyoM	uMgaliyAM	hAWa	,	hAWoM	,}	pEroM	tAMgoM	uMgaliyAM	pEra	,	uMgaliyoM	praBAvakoM	,}	praBAvakoM	lie	pEroM	pEra	praBAvakArI	,	praBAvakarwAoM	ke	ke}	lie}	muMha	ke	lie	muKa	para	muzha
1	0	0	1	1	0	1	1	1	1	1	0	1	1	1	1	0	1	1	1	0	1	1	1	1	0	1	0	0	1	1	1	1	1	1	1	1	1	1	0	1	1	1	1	1	1	0	1	0	0	1	1	1	1	0	1	0	1	1	0	0	1	0	0	0	1	1	1	0	1	1	1	0	0	1	0	1	0	0	1	1	1	0	0	0
1	0	0	1	1	0	1	1	1	1	1	0	1	1	1	1	0	1	1	1	0	1	1	1	1	0	1	0	0	1	1	1	1	1	1	1	1	1	1	0	1	1	1	1	1	1	0	1	1	0	1	1	1	1	0	0	1	1	1	0	0	0	0	1	0	1	0	1	0	1	1	0	0	0	1	0	1	0	0	1	1	1	0	0	0
1	0	0	1	1	0	1	1	1	1	1	0	1	1	1	1	0	1	1	1	0	1	1	1	1	0	1	0	0	1	1	1	1	1	1	1	1	1	1	0	1	1	1	1	1	1	0	1	0	0	1	1	1	1	0	0	1	1	1	0	0	0	0	1	0	1	0	1	0	1	1	0	0	0	1	0	1	0	0	1	1	1	0	0	0
1	0	0	1	1	0	1	1	1	1	1	0	1	1	1	1	0	1	1	1	0	1	1	1	1	0	1	1	0	1	1	1	1	1	1	1	1	1	1	0	1	1	1	1	1	1	0	1	0	0	1	1	1	1	0	0	1	1	1	0	0	0	0	1	0	1	0	1	0	1	1	0	0	0	1	0	1	0	0	1	1	1	0	0	0
0	0	1	1	1	0	1	1	1	1	1	0	1	1	1	1	0	1	1	1	0	1	1	1	1	0	1	0	0	1	1	1	1	1	1	1	1	1	1	0	1	1	1	1	1	1	0	1	1	0	1	1	1	1	0	0	1	1	1	0	0	0	0	1	1	1	0	1	0	1	1	0	1	0	1	0	1	0	0	0	1	1	1	0	0
1	0	0	1	1	0	1	1	1	1	1	0	1	1	1	1	0	1	1	1	0	1	1	1	1	0	1	0	0	1	1	1	1	1	1	1	1	1	1	0	1	1	1	1	1	1	0	1	0	0	1	1	1	1	0	1	0	1	1	0	0	0	0	0	1	1	1	0	0	0	1	0	1	0	1	1	1	0	0	1	1	1	0	0	0
1	0	0	1	1	0	1	1	1	1	1	0	1	1	1	1	0	1	1	1	0	1	1	1	1	0	1	0	0	1	1	1	1	1	1	1	1	1	1	0	1	1	1	1	1	1	0	1	0	0	1	1	1	1	0	0	1	1	1	0	0	0	0	1	1	1	0	1	0	1	1	0	1	0	1	0	1	0	0	0	1	1	1	0	0
1	0	0	1	1	0	1	1	1	1	1	0	1	1	1	1	0	1	1	1	0	1	1	1	0	0	1	0	1	1	1	0	1	1	1	1	0	1	1	0	1	1	1	1	1	1	0	1	0	0	1	1	1	1	0	1	0	1	1	0	0	0	0	0	1	1	1	0	0	0	1	0	1	0	1	1	1	0	0	1	1	1	0	0	0
1	0	0	1	1	0	1	1	1	1	1	0	1	1	1	1	0	1	1	1	0	1	1	1	1	0	1	0	0	1	0	1	1	1	1	0	1	1	1	0	1	1	1	0	1	1	0	1	0	0	1	1	1	1	0	1	0	1	1	0	0	0	0	0	1	1	1	0	0	0	1	0	1	0	1	1	1	0	0	1	1	1	0	0	0
0	0	0	1	1	0	1	1	1	1	1	0	1	1	1	1	0	1	1	1	0	1	1	1	1	0	1	0	0	1	1	1	1	1	1	1	1	1	1	0	1	1	1	1	1	1	0	1	0	0	1	1	1	1	0	1	0	1	1	0	0	0	1	0	0	1	1	0	0	0	1	0	0	0	1	1	1	0	0	1	1	1	0	0	0
0	0	0	1	0	1	1	1	1	1	1	1	1	0	1	1	1	1	1	1	0	1	1	1	1	0	1	0	0	1	1	1	1	1	1	1	1	1	1	0	1	1	1	1	1	1	0	1	1	0	1	0	1	1	0	1	0	0	1	1	0	1	0	0	0	1	1	0	0	0	1	1	0	0	1	0	1	0	0	0	1	1	0	1	0
0	1	0	1	0	1	1	1	1	1	1	1	1	0	1	1	1	1	1	1	0	1	1	1	0	1	1	0	0	1	1	0	1	1	1	1	0	1	1	1	1	1	1	1	1	1	0	1	0	1	1	1	1	1	0	1	0	1	1	0	0	0	0	0	1	1	1	0	0	0	1	0	1	1	1	0	1	0	0	0	1	1	0	0	1
0	1	0	1	0	1	1	1	1	1	1	1	1	0	1	1	1	1	1	1	0	1	1	1	0	1	1	0	0	1	1	0	1	1	1	1	0	1	1	1	1	1	1	1	1	1	0	1	0	1	1	1	1	1	0	1	0	1	1	0	0	0	0	0	1	1	1	0	0	0	1	0	1	1	1	0	1	0	0	0	1	1	0	0	1
