yaha	vaha	apane	kAryoM	kA	ke	vAswavika	pariNAma	nahIM	ko	jAnawA	nahIM	,	jAnawA	hE	Ora	,	hE	ho	Ora	yaha	,	sakawA	Ora	apane	yaha	ho	hE	vaha	vAwAvaraNa	apane	ho	yaha	sakawA	paryAvaraNa	ki	apane	hE	sakawA	ke	paryAvaraNa	use	ki	vAwAvaraNa	hE	ke	paryAvaraNa	kuCa	apane}	paryAvaraNa	vaha	ko	apane	pahaluoM	kuCa	ke}	kuCa	ke	ko	jAnawA	paryAvaraNa	nahIM	pahaluoM	jAnawA	nahIM	ke	hogA	kuCa	kA	hogA	pahaluoM	ho	kuCa	jAnawA	.	jFAna>>	na	pawA	hE	ko	.	ho	nahIM	na	.	.	jAnawA	ho
1	0	1	1	1	1	1	1	1	0	1	1	1	1	1	1	1	1	1	1	1	1	1	1	1	1	1	1	0	0	1	1	1	1	1	1	1	1	1	1	1	1	1	0	1	1	1	1	0	1	0	0	1	1	1	0	1	1	0	1	1	1	1	1	1	1	0	1	1	0	1	1	1	1	1	0	1	0	1	0	1	1	1	1	1	1	1	1
1	0	1	1	0	1	1	1	1	1	1	1	1	1	1	1	1	1	1	1	1	1	1	1	1	1	1	1	0	0	1	1	1	1	1	0	1	1	1	1	1	0	0	0	1	1	1	1	0	1	0	1	1	1	1	0	1	1	1	1	1	1	1	1	1	1	0	1	0	0	1	1	1	1	1	0	0	0	1	1	1	1	1	0	1	1	1	1
1	0	1	1	1	1	1	1	1	1	1	1	1	1	0	1	1	0	0	1	1	1	0	1	1	1	0	0	0	0	1	0	1	0	1	0	1	0	0	1	1	0	0	0	0	1	1	1	0	1	0	1	1	1	1	0	1	1	1	1	1	1	1	1	1	1	1	1	1	1	1	0	1	1	1	0	0	0	0	1	1	0	1	0	1	1	1	0
1	0	1	1	0	1	1	1	1	1	1	1	1	1	1	1	1	1	0	1	1	1	0	1	1	1	0	1	0	1	1	0	1	0	0	0	1	1	0	1	0	0	0	1	1	1	0	1	0	0	0	1	1	1	1	0	1	1	1	1	0	1	1	1	1	1	1	1	0	1	1	0	1	1	1	0	0	0	1	1	1	0	1	0	1	1	1	0
1	0	1	1	0	1	1	1	1	1	1	1	1	1	1	1	1	1	0	1	1	1	0	1	1	1	0	1	0	0	1	0	1	0	1	0	1	1	0	1	1	0	0	0	1	1	1	1	0	1	0	1	1	1	1	0	1	1	1	1	1	1	1	1	1	1	1	1	0	1	1	0	1	1	1	0	0	0	1	1	1	0	1	0	1	1	1	0
1	0	1	1	1	1	1	1	1	1	1	1	1	1	0	1	1	0	0	1	1	1	0	1	1	1	0	0	0	1	1	0	1	0	0	0	1	0	0	1	0	0	0	1	0	1	0	1	0	0	0	1	1	1	1	0	1	1	1	1	0	1	1	1	1	1	1	1	1	1	1	0	1	1	1	0	0	0	0	1	1	0	1	0	1	1	1	0
1	0	1	1	0	1	1	1	1	1	1	1	1	1	0	1	1	0	0	1	1	1	0	1	1	1	0	0	0	0	1	0	1	0	1	0	1	0	0	1	1	0	0	0	0	1	1	1	0	1	0	1	1	1	1	0	1	1	1	1	1	1	1	1	1	1	1	1	0	1	1	0	1	1	1	0	0	0	0	1	1	0	1	0	1	1	1	0
0	1	1	1	0	1	1	1	1	1	1	1	1	1	1	1	1	1	0	1	0	1	0	1	1	0	0	1	1	0	1	0	0	0	1	0	1	1	0	1	1	0	0	0	1	1	1	1	0	1	1	1	1	1	1	0	1	1	1	1	1	1	1	1	1	1	1	1	0	1	1	0	1	1	1	0	0	0	1	1	1	0	1	0	1	1	1	0
0	1	1	1	1	1	1	1	1	1	1	1	1	1	1	1	1	1	1	1	0	1	1	1	1	0	1	1	1	0	1	1	0	1	1	1	1	1	1	1	1	1	1	0	1	1	1	1	0	1	1	1	1	1	1	0	1	1	1	1	1	1	1	1	1	1	0	1	1	0	1	1	1	1	1	0	1	1	1	1	1	1	1	1	1	1	1	1
0	1	1	1	0	1	1	1	1	1	1	1	1	1	1	1	1	1	1	1	0	1	1	1	1	0	1	1	1	0	1	1	0	1	1	1	1	1	1	1	1	0	1	0	1	1	1	1	0	1	1	1	1	1	1	0	1	1	1	1	1	1	1	1	1	1	0	1	0	0	1	1	1	1	1	0	0	0	1	1	1	1	1	0	1	1	1	1
