pUrNa	pUrI	eka	pUrNawayA	rUpa	waraha	pUrNa	xeKane	pUrI	prekRaNIya	se	rUpa	waraha	vAwAvaraNa	yogya	prekRaNIya	se	xeKane	meM	vAwAvaraNa	vAwAvaraNa	xeKane	prekRaNIya	yogya	avalokana	meM	vicAra	meM	vAwAvaraNa	kie	yogya	vicAra	vicAra	vAwAvaraNa	meM	kie	jA	kI	rahe	meM	,	vicAra	kriyA	jA	jA	rahe	jisa	kie	,	kI	kArya	se	vicAra	rahI	jA	jisa	se	kiyA	kArya	saMbaMXiwa	kriyA	kriyA	ke	rahI	para	jA	rahe	saBI	saMbaMXiwa	se	vAwAvaraNa	kriyA	vicAra	lie	kArya	rahA	saBI	saMbaMXiwa	se	prAsaMgika	ke	kArravAI	vAwAvaraNa	veXa	kiyA	saBI	jA	saMbaMXiwa	lie	vAwAvaraNa	avalokanIya	ke	xeKane	yogya	vAwAvaraNa}	avalokana	prAsaMgika	saBI	vAwAvaraNa	hE	.	howA	yogya	vAwAvaraNa	xqSya	,	avalokana	ke	veXa	.	hE	howA	usake	xeKe	usa	ke	saBI	yogya	.	hE	lie	kArya	howA	saBI	jA	veXa	.	prAsaMgika	sakawe	yogya	veXa	hE	se
1	0	0	0	1	0	1	0	0	1	1	1	0	1	1	1	1	0	1	1	1	0	1	1	1	1	1	1	1	0	1	1	1	1	1	0	1	1	0	1	0	1	1	1	1	0	0	0	0	1	0	1	1	1	1	0	1	0	0	1	1	1	0	1	0	1	0	1	1	1	1	1	1	0	0	0	1	1	1	0	0	0	1	0	0	1	1	1	0	1	0	0	0	1	0	1	0	1	1	1	1	1	1	1	0	0	1	0	0	1	1	1	0	0	0	0	1	1	1	1	0	0	1	1	1	0	1	0	0	1	0	1	1
0	1	1	0	0	1	0	0	1	1	1	0	1	1	0	1	1	0	1	1	1	0	1	0	0	1	1	1	1	0	0	1	1	1	1	0	1	0	0	1	1	1	1	1	1	0	1	0	1	0	0	1	1	0	1	1	1	1	0	0	1	1	0	0	1	1	0	1	0	1	1	1	1	1	0	1	1	0	1	1	0	0	1	0	1	1	1	0	1	1	0	0	0	0	0	0	1	1	1	1	1	0	0	1	0	1	0	0	0	1	1	0	1	0	0	0	1	0	1	1	1	0	0	1	1	0	1	1	0	0	0	1	1
1	0	1	0	1	0	1	0	0	1	1	1	0	1	0	1	1	0	1	1	1	0	1	0	1	1	1	1	1	0	0	1	1	1	1	0	1	0	0	1	1	1	1	1	1	0	1	0	1	0	0	1	1	0	1	1	1	1	0	0	1	1	0	0	1	1	0	1	0	1	1	1	1	1	0	1	1	0	1	1	0	0	1	0	1	1	1	0	1	1	0	0	0	0	0	1	1	1	1	1	1	0	0	1	0	1	1	0	0	1	1	0	1	0	0	0	1	0	1	1	1	0	0	1	1	0	1	1	0	0	0	1	1
0	1	0	0	0	1	0	0	1	1	1	0	1	1	1	1	1	0	1	1	1	0	1	1	1	1	1	1	1	0	1	1	1	1	1	0	1	1	0	1	0	1	1	1	1	0	0	0	0	1	0	1	1	1	1	0	1	0	0	1	1	1	0	1	0	1	0	1	1	1	1	1	1	0	0	0	1	1	1	0	0	0	1	0	0	1	1	1	0	1	0	0	0	1	0	1	0	1	1	1	1	1	1	1	0	0	1	0	0	1	1	1	0	0	0	0	1	1	1	1	0	0	1	1	1	0	1	0	0	1	0	1	1
0	1	0	0	0	1	0	1	1	0	1	0	1	1	1	0	1	1	1	1	1	1	0	1	1	1	1	1	1	0	1	1	1	1	1	0	1	1	0	1	0	1	1	1	1	0	0	0	0	1	0	1	1	1	1	0	1	0	0	1	1	1	0	1	0	1	0	1	1	1	1	1	1	0	0	0	1	1	1	0	0	0	1	0	0	1	1	1	0	1	0	0	1	1	0	1	0	1	1	1	1	1	1	1	0	0	1	0	0	1	1	1	0	0	0	0	1	1	1	1	0	0	1	1	1	0	1	0	0	1	0	1	1
0	1	0	0	0	1	0	1	1	0	1	0	1	1	1	0	1	1	1	1	1	1	0	1	0	1	1	1	1	0	1	1	1	1	1	0	1	1	0	1	0	1	1	1	1	0	0	0	0	1	0	1	1	1	1	0	1	0	0	1	1	1	0	1	0	1	0	1	1	1	1	1	1	0	0	0	1	1	1	0	0	0	1	1	0	1	1	1	0	1	0	0	1	1	0	0	0	1	1	1	1	1	1	1	0	0	0	0	1	1	1	1	0	0	0	0	1	1	1	1	0	0	1	1	1	1	1	0	0	1	1	1	1
0	1	1	0	0	1	0	1	1	0	1	0	1	1	1	0	1	1	1	1	1	1	0	1	0	1	1	1	1	0	1	1	1	1	1	0	1	0	0	1	0	1	0	1	1	0	0	0	0	0	0	1	1	0	1	0	1	1	0	0	0	0	1	0	0	1	0	1	0	1	1	0	1	1	0	1	1	0	1	1	1	1	1	1	1	1	1	0	1	1	0	1	1	1	0	0	1	1	1	1	1	0	1	1	0	0	0	1	1	1	1	0	0	0	0	1	1	1	1	1	1	0	0	1	1	1	1	1	0	1	1	1	1
1	0	0	0	1	0	1	1	0	0	1	1	0	1	1	0	1	1	1	1	1	1	0	1	0	1	0	1	1	0	1	0	0	1	1	0	0	0	0	1	0	0	1	0	0	0	0	0	0	0	0	1	0	0	0	0	1	0	0	1	1	1	0	0	0	0	0	1	1	1	1	1	0	0	0	0	1	1	1	0	0	0	1	1	0	1	0	1	0	1	0	0	1	1	0	0	0	1	1	1	1	1	1	1	0	0	0	0	1	1	1	1	0	0	0	0	1	1	1	1	0	0	1	1	0	1	1	0	0	1	1	1	1
0	1	0	0	0	1	0	1	1	0	1	0	1	1	1	0	1	1	1	1	1	1	0	1	0	1	1	1	1	1	1	1	1	1	1	1	1	0	1	1	0	1	0	1	1	1	0	1	0	0	1	1	1	0	1	0	1	0	1	0	0	0	1	0	0	1	1	1	0	1	1	0	1	1	1	0	1	0	1	1	1	0	1	1	0	1	1	0	1	1	0	1	1	1	0	0	1	1	1	0	1	0	1	1	0	0	0	1	1	1	0	0	0	0	0	1	1	1	1	0	1	1	0	1	1	1	1	1	0	1	1	0	1
1	0	1	0	1	0	1	0	0	0	1	1	0	1	1	0	1	0	1	1	1	0	0	1	1	1	1	1	1	0	1	1	1	1	1	0	1	0	0	1	1	1	0	1	1	0	1	0	1	0	1	1	1	0	1	1	1	1	1	1	0	0	0	0	1	1	0	1	1	1	1	0	1	0	1	1	1	1	1	0	0	0	1	0	1	1	1	1	0	1	0	0	0	1	0	1	0	1	1	1	1	0	1	1	0	1	1	0	0	1	1	0	0	0	1	0	1	1	1	1	0	1	0	1	1	0	1	0	0	1	0	1	1
0	0	0	1	0	0	0	1	0	1	1	0	0	1	1	1	1	1	1	1	1	1	1	1	0	1	1	1	1	1	1	1	1	1	1	1	1	0	1	1	0	1	0	1	1	1	0	1	0	0	1	1	1	0	1	0	1	0	1	1	0	0	0	0	0	1	1	1	1	1	1	0	1	0	1	0	1	1	1	0	0	0	1	0	0	1	1	1	0	1	0	0	1	1	0	0	0	1	1	1	1	1	1	1	0	0	0	0	0	1	1	1	0	0	0	0	1	1	1	1	0	1	1	1	1	0	1	0	0	1	0	1	1
0	0	0	1	0	0	0	1	0	0	0	0	0	1	1	0	0	1	1	1	1	1	0	1	0	1	1	1	1	1	1	1	1	1	1	1	1	0	1	1	0	1	0	1	1	1	0	1	0	0	1	0	1	0	1	0	0	0	1	0	0	0	1	0	0	1	1	1	0	0	1	0	1	1	1	0	1	0	0	1	1	0	1	0	0	1	1	0	1	1	0	1	1	1	0	0	1	1	1	0	1	0	1	1	1	0	0	1	0	1	0	0	0	1	0	1	1	1	1	0	1	1	0	1	1	0	1	1	1	1	0	0	0
0	0	0	1	0	0	0	0	0	1	1	0	0	1	0	1	1	0	1	1	1	0	1	0	0	1	1	1	1	1	0	1	1	1	1	1	1	0	1	1	0	1	0	1	1	1	0	1	0	0	1	1	1	0	1	0	1	0	1	1	0	0	0	0	0	1	1	1	1	1	1	0	1	0	1	0	1	1	1	0	0	0	1	0	0	1	1	1	0	1	1	0	0	0	0	0	0	1	1	1	1	0	0	1	0	0	0	0	0	1	1	0	0	0	0	0	1	0	1	1	0	1	0	1	1	0	1	0	0	0	0	1	1
