tyUriMga	avaXiyA	warka	kA	xewe	xiyA	warka	hue	ki	WA	kahA	yaxi	ki	praSnakarwA	yaxi	unase	pUCawACakarwA	praSnakarwA	pUCawACa	pUCawACa	karane	praSna	karake	karake	vAlA	Bexa	unameM	pUCawACa	unase	unheM	praSna	nahIM	aMwara	alaga	Bexa	karake	pUCawACa	kara	karake	nahIM	unheM	sakawA	kara	alaga	hE	sakawA	nahIM	wo	hE	kara	wo	kaMpyUtara	wo	kampyUtara	,	sakawA	kaMpyUtara	ko	kaMpyUtara	hE	wo	buxXimAna	ko	ko	kaMpyUtara	wo	na	buxXimAna	ko	buxXimAna	kaMpyUtara	na	kahanA	na	buxXimAna	ko	kahanA	anuciwa	kahanA	buxXimAna	na	anuciwa	hogA	na	anuciwa	kahanA	.	hogA	hogA	anuciwa	kahanA	.	.	hogA	anuciwa
1	0	1	1	0	0	1	0	1	1	0	1	1	0	1	0	1	0	1	1	0	0	1	1	0	0	1	1	0	0	0	1	1	0	0	1	1	1	1	1	0	1	1	0	1	1	1	1	1	1	1	1	1	0	0	1	1	1	1	1	1	1	1	1	1	1	1	1	1	1	1	1	1	1	1	1	1	1	1	1	1	1	1	1	1	1	1	1	1	1	1	1	1	1	1
1	0	1	1	0	0	1	0	1	1	0	1	1	0	1	0	1	0	1	1	0	0	1	1	0	0	0	1	0	1	0	1	0	1	0	1	1	1	1	1	1	1	1	1	1	1	1	1	1	1	1	1	1	0	1	1	1	1	1	1	1	1	1	1	1	1	1	1	1	1	1	1	1	1	1	1	1	1	1	1	1	1	1	1	1	1	1	1	1	1	1	1	1	1	1
1	0	1	1	0	0	1	0	1	1	0	1	1	0	1	0	0	0	1	1	1	0	1	1	1	0	0	1	0	1	0	1	0	1	0	1	1	1	1	1	1	1	1	1	1	1	1	1	1	1	1	1	1	0	0	1	1	1	1	1	1	1	1	1	1	1	1	1	1	1	1	1	1	1	1	1	1	1	1	1	1	1	1	1	1	1	1	1	1	1	1	1	1	1	1
1	0	1	1	0	0	1	0	1	1	0	1	1	0	1	0	0	0	1	1	1	0	1	1	1	0	0	1	0	1	0	1	0	1	0	1	1	1	1	1	1	1	1	1	0	1	1	1	0	1	1	1	1	0	0	1	1	1	1	0	1	1	1	1	1	1	1	1	1	1	1	1	1	1	1	1	1	1	1	1	1	1	1	1	1	1	1	1	1	1	1	1	1	1	1
1	0	1	1	0	0	1	0	1	1	0	1	1	0	1	0	0	0	1	1	1	1	1	1	1	0	0	1	0	1	1	1	0	1	0	1	1	1	1	1	1	1	1	1	1	1	1	1	1	1	1	1	1	0	0	1	1	1	1	1	1	1	1	1	1	1	1	1	1	1	1	1	1	1	1	1	1	1	1	1	1	1	1	1	1	1	1	1	1	1	1	1	1	1	1
1	0	1	1	0	0	1	0	1	1	0	1	1	0	1	0	1	0	0	0	0	1	1	1	0	0	0	0	0	1	1	1	0	1	0	1	0	1	1	1	1	1	1	1	1	1	1	1	1	1	1	1	1	0	0	1	1	1	1	1	1	1	1	1	1	1	1	1	1	1	1	1	1	1	1	1	1	1	1	1	1	1	1	1	1	1	1	1	1	1	1	1	1	1	1
1	0	1	1	0	0	1	0	1	1	0	1	1	0	1	0	1	0	0	0	0	1	1	1	0	1	1	0	0	0	1	1	0	0	1	1	0	1	1	1	0	1	1	0	1	1	1	1	1	1	1	1	1	0	1	1	1	1	1	1	1	1	1	1	1	1	1	1	1	1	1	1	1	1	1	1	1	1	1	1	1	1	1	1	1	1	1	1	1	1	1	1	1	1	1
1	0	1	1	0	0	1	0	1	1	0	1	1	0	1	0	1	0	0	0	0	1	1	1	0	0	0	0	0	1	1	1	0	1	0	1	0	1	1	1	1	1	1	1	1	1	1	1	1	1	1	1	1	0	1	1	1	1	1	1	1	1	1	1	1	1	1	1	1	1	1	1	1	1	1	1	1	1	1	1	1	1	1	1	1	1	1	1	1	1	1	1	1	1	1
0	0	1	0	0	1	1	0	1	0	0	1	1	1	1	1	0	1	1	1	0	0	1	1	0	1	0	1	1	0	0	1	0	0	1	1	1	1	1	1	0	1	1	0	1	1	1	1	1	1	1	1	1	0	0	1	1	1	1	1	1	1	1	1	1	1	1	1	1	1	1	1	1	1	1	1	1	1	1	1	1	1	1	1	1	1	1	1	1	1	1	1	1	1	1
0	0	1	0	1	0	1	1	1	0	1	1	1	1	1	0	0	1	0	0	0	1	1	1	0	0	0	0	0	1	1	1	0	1	0	1	0	1	1	1	1	1	1	1	0	1	1	1	0	1	1	0	1	1	0	1	0	1	0	0	1	1	1	1	0	1	1	1	1	1	0	1	1	1	1	1	1	1	1	1	1	1	1	1	1	1	1	1	1	1	1	1	1	1	1
0	1	1	1	0	0	1	0	1	1	0	1	1	0	1	1	0	0	1	1	1	0	0	0	1	0	0	1	1	0	0	1	1	0	0	0	1	1	0	1	0	1	1	0	0	1	1	1	0	1	1	0	1	1	0	1	0	1	0	0	1	1	1	1	0	1	1	1	1	1	0	1	1	1	1	1	1	1	1	1	1	1	1	1	1	1	1	1	1	1	1	1	1	1	1
0	1	1	1	0	0	1	0	1	1	0	1	1	0	1	1	0	0	1	1	1	0	0	0	1	0	0	1	1	0	0	1	1	0	0	0	1	1	0	1	0	1	1	0	0	1	1	1	0	1	1	1	1	0	0	1	1	1	1	0	1	1	1	1	1	1	1	1	1	1	1	1	1	1	1	1	1	1	1	1	1	1	1	1	1	1	1	1	1	1	1	1	1	1	1
