isa	prakAra	yaxi	koI	ejeMta	eka	aBikarwA	ejeMta	samaya	samaya	sAmayika	para	para	warIke	prawikriyA	prawikriyA	se	nahIM	nahIM	prawikriyA	karawA	karawA	xewA	nahIM	hE	hE	karawA	,	wo	hE	,	usakA>>	mahawva>>	kuCa	yaha	nahIM	BI	nahIM}	karane	nahIM	ki	ke	ke	karane	vaha	lie	vikalpa	eka	kuCa	ke	lie	ke	lie	nahIM	eka	vikalpa	rUpa	eka	vikalpa	karanA	ke	meM	rUpa	ke	vikalpa	cAhawA	howA>>	hE}	.	ginawI	raKawA	hE	jAwA	mAyane	meM
1	1	1	1	0	0	1	0	1	1	0	1	1	0	1	1	0	1	1	1	1	1	0	1	1	1	1	0	1	1	0	0	0	1	0	1	0	0	1	1	0	1	1	1	0	0	1	0	1	1	0	1	0	1	0	1	1	0	1	0	1	1	1	1	1	0	0	0	1	0	0	1	0	0	1
1	1	1	1	1	0	0	1	1	1	0	1	1	0	1	1	0	1	1	1	1	1	0	1	1	1	1	1	1	1	1	0	0	1	1	1	0	0	1	1	0	1	1	1	0	0	1	0	1	1	0	1	0	1	0	1	1	0	1	0	1	1	1	1	1	0	0	0	1	0	0	1	1	0	1
1	1	1	1	1	0	0	1	1	1	0	1	1	0	1	1	0	1	1	1	1	1	0	1	1	1	1	1	1	1	1	0	0	1	1	1	1	0	1	1	0	1	1	1	0	0	1	0	1	1	0	1	0	1	0	1	1	0	1	0	1	1	1	1	1	0	0	0	1	0	0	1	1	0	1
1	1	1	0	1	1	0	1	1	1	0	1	1	0	1	1	0	1	1	1	1	1	0	1	1	1	1	1	1	1	1	0	0	1	1	1	0	0	1	1	0	1	1	1	0	1	1	1	1	1	1	1	1	1	1	1	1	1	1	0	1	1	1	1	1	0	0	0	1	1	0	1	0	0	1
1	1	1	0	1	1	0	1	1	1	0	1	1	0	1	1	0	1	1	1	1	1	0	1	1	1	1	1	0	1	1	0	0	1	1	1	1	0	1	1	0	1	1	1	0	1	1	1	1	1	1	1	1	1	1	1	1	1	1	0	1	1	1	1	1	0	0	0	1	1	0	1	0	0	1
1	1	1	1	1	1	0	1	1	1	0	1	1	0	1	1	0	1	1	1	1	1	0	1	1	1	1	1	1	1	1	0	0	1	1	1	1	0	1	1	0	1	1	1	0	1	1	1	1	1	1	1	1	1	1	1	1	1	1	0	1	1	1	1	1	0	0	0	1	1	0	1	0	0	1
1	1	1	1	1	0	0	1	1	1	0	1	1	0	1	1	0	1	1	1	1	1	0	1	1	1	1	1	1	1	1	0	0	1	1	1	1	0	1	1	0	1	1	1	0	0	1	0	1	1	0	1	0	1	0	1	1	0	1	0	1	1	1	1	1	0	0	0	1	0	1	1	0	1	1
1	1	1	1	0	0	1	0	1	1	0	1	1	0	1	1	0	1	1	1	0	0	1	1	1	1	0	0	1	1	0	0	0	1	1	1	0	0	0	1	1	0	0	0	1	0	0	0	1	0	0	0	0	1	0	0	0	0	0	1	0	0	0	0	0	1	0	0	1	0	0	1	0	0	0
1	1	1	1	1	1	0	1	1	1	0	1	1	0	1	1	0	1	1	1	1	1	0	1	1	1	1	1	1	1	1	0	0	1	1	1	0	0	1	1	0	1	1	1	0	1	1	1	1	1	1	1	1	1	1	1	1	1	1	0	1	1	1	1	1	0	0	0	1	0	1	1	0	1	1
1	1	1	1	1	0	0	1	0	0	1	0	0	1	1	1	1	1	1	1	1	1	0	1	1	1	1	0	1	1	0	0	0	1	1	1	0	0	1	1	0	1	1	1	0	1	1	0	1	1	1	1	1	1	0	1	1	0	1	0	1	1	1	1	1	0	0	0	1	0	1	1	0	1	1
1	1	1	1	1	0	0	1	1	1	0	1	1	0	1	1	0	1	1	1	1	1	0	1	1	1	1	0	1	1	0	0	0	1	1	1	0	0	1	1	0	1	1	1	0	1	1	0	1	1	1	1	1	1	0	1	1	0	1	0	1	1	1	1	1	0	0	0	1	0	1	1	0	1	1
