yaxi	vAwAvaraNa	pariveSa	paryAvaraNa	meM	anya	buxXimAna	ejeMta	aBikarwA	howe	hEM	,	wo	wo	aBikarwA	ejeMta	ejeMta	aBikarwA	ko	ko	paryAvaraNa	paryAvaraNa	ke	ke	sAmarika	sAmarika	,	,}	Kela	-	-	samuxra	saMbaMXI	sOMxaryAwmaka	sExXAMwika	kUxa	saMbaMXI	sOMxarya	paryAvaraNIya	pahaluoM	pahaluoM	ke	saMbaMXI	(	pahaluoM	(	ke	bAre	yA	yA	meM	wo	(	ke	bAre	wo}	honA	yA	meM	wo	sahakArI	hone	ciMwiwa	yA	cAhie	sahakArI	ciMwiwa	hone	prawisparXI	kI	prawisparXI	AvaSyakawA	yA	(	hone	kI	ejeMtoM	ejeMtoM	yA	howI	ke	prawisparXI	AvaSyakawA	kI	ke}	lie	howI	ke	sahakArI	(	hE	)	)	(	ke	yA	lie	hE	ke}	bAre	ke	unheM	wo	ejeMtoM	meM	sahakArI	meM}	ciMwiwa	prawisparXI	lie	honA	meM	yA	hone	hone	prawisparXI	aBikarwA	honA	)	ciMwiwa	aBikarwAoM	AvaSyaka	ejeMtoM	kI	kI	hone	ke	AvaSyaka	ko	ejeMta	AvaSyakawA	ejeMtoM	hE	jarUrawa	jarUrawa	kI	lAgU	rUpa	lie	ke	howI	banAnA	.	hE	hE	meM	lie	howA	karanA	jarUrawa	)	.	.	cAhie	hE	)
1	1	0	1	1	1	1	1	0	1	1	1	1	1	0	1	1	0	1	1	1	1	1	1	1	1	1	0	1	1	1	0	0	0	1	0	0	0	0	1	1	1	0	1	1	1	1	1	1	1	1	1	1	1	1	0	0	1	1	1	1	1	1	1	0	1	1	1	1	1	1	0	1	1	1	1	1	1	1	0	1	1	0	1	0	1	0	1	1	1	1	1	1	1	1	1	1	1	0	1	1	0	1	1	1	1	0	1	1	1	0	1	1	1	1	1	0	0	1	1	0	0	1	1	1	1	1	0	1	1	0	1	1	1	1	1	0	0	1	1	0	0	1	1	1	1	1	0	0	1	1	1	1	0	1	1
1	1	0	1	1	1	1	1	0	1	1	1	1	1	0	1	1	0	1	1	1	1	1	1	1	1	1	0	1	1	1	0	0	0	1	0	0	0	0	1	1	1	0	1	1	1	1	1	1	1	1	1	1	1	1	0	1	1	1	1	1	0	1	1	0	1	1	0	1	0	1	0	1	1	0	0	1	1	1	0	1	1	0	0	0	1	0	1	1	1	1	1	1	1	1	1	1	1	0	1	1	0	1	1	1	1	0	1	1	1	1	1	1	0	0	1	0	1	1	1	0	1	1	0	0	0	1	1	1	1	0	1	1	0	0	0	0	0	1	1	0	0	1	1	1	1	1	0	0	0	1	1	1	0	1	1
1	1	0	1	1	1	1	1	0	1	1	1	1	1	0	1	1	0	1	1	1	1	1	1	1	1	1	0	1	1	1	0	0	0	1	0	0	0	0	1	1	1	0	1	1	1	1	1	1	1	1	1	1	1	1	0	0	1	1	1	1	1	1	1	0	1	1	1	1	1	1	1	1	1	1	1	1	1	1	1	1	1	1	1	0	1	1	1	1	1	1	1	1	1	1	1	1	1	0	1	1	0	1	1	1	1	0	1	1	1	0	1	1	1	1	1	0	0	1	1	0	0	1	1	1	1	1	0	1	1	1	1	1	0	0	1	0	0	1	1	1	0	0	1	1	1	1	0	0	0	1	0	0	0	1	1
1	1	0	1	1	1	1	1	0	1	1	1	1	1	0	1	1	0	1	1	1	1	1	1	1	1	1	0	1	1	1	0	1	0	0	1	1	0	0	1	1	1	1	1	1	1	1	1	1	1	1	1	1	1	1	0	0	1	1	1	1	1	1	1	0	1	1	1	1	1	1	0	1	1	1	1	1	1	1	0	1	1	0	1	0	1	0	1	1	1	1	1	1	1	1	1	1	1	0	1	1	0	1	1	1	1	0	1	1	1	0	1	1	1	1	1	0	0	1	1	0	0	1	1	1	1	1	0	1	1	0	1	1	1	1	1	0	0	1	1	0	0	1	1	1	1	1	0	0	1	1	1	1	0	1	1
1	1	0	1	1	1	1	1	0	1	1	1	1	1	0	1	1	0	1	1	1	1	1	1	1	1	1	0	1	0	0	0	1	0	0	0	1	0	0	1	1	1	1	1	1	1	1	1	1	1	1	1	1	1	1	0	0	1	1	1	1	1	1	1	0	1	1	1	1	1	1	0	1	1	1	1	1	1	1	0	1	1	0	1	0	1	0	1	1	1	1	1	1	1	1	1	1	1	0	1	1	0	1	1	1	1	0	1	1	1	0	1	1	1	1	1	0	0	1	1	0	0	1	1	1	1	1	0	1	1	0	1	1	1	1	1	0	0	1	1	0	0	1	1	1	1	1	0	0	1	1	1	1	0	1	1
1	1	0	1	1	1	1	1	0	1	1	1	1	1	0	1	1	0	1	1	1	1	1	1	1	1	1	0	1	0	0	0	1	0	0	0	1	0	0	1	1	1	1	1	1	1	1	1	1	1	1	1	1	1	1	0	1	1	1	1	1	0	1	1	1	1	1	0	1	0	1	0	1	1	0	0	1	1	1	0	1	1	0	0	0	1	0	1	1	1	0	1	1	1	1	1	1	0	0	1	1	0	1	1	1	1	0	1	1	1	1	1	1	0	0	1	0	1	1	1	0	0	1	0	0	0	1	0	1	1	0	1	0	0	0	0	0	0	1	1	0	0	0	0	0	1	1	0	0	0	1	0	0	1	0	1
1	1	0	1	1	1	1	1	0	1	1	1	1	1	0	1	1	0	1	1	1	1	1	1	1	1	1	0	1	0	0	0	1	0	0	0	1	0	0	1	1	1	1	1	1	1	1	1	1	1	1	1	1	1	1	0	1	1	1	1	1	0	1	1	0	1	1	0	1	0	1	0	1	1	0	0	1	1	1	0	1	1	0	0	0	1	0	1	1	1	1	1	1	1	1	1	1	1	0	1	1	0	1	1	1	1	0	1	1	1	1	1	1	0	0	1	0	1	1	1	0	1	1	0	0	0	1	1	1	1	0	1	1	0	0	0	0	0	1	1	0	0	1	1	1	1	1	0	0	0	1	1	1	0	1	1
1	1	0	1	1	1	1	1	1	1	1	1	1	1	1	1	1	1	1	1	1	1	1	1	1	1	1	0	1	0	0	0	1	0	0	0	1	0	0	1	1	1	1	1	1	1	1	1	1	1	1	1	1	1	1	0	0	1	1	1	1	1	1	1	0	1	1	1	1	1	1	1	1	1	1	1	1	1	1	1	1	1	1	1	0	1	1	1	1	1	1	1	1	1	1	1	1	1	0	1	1	0	1	1	1	1	0	1	1	1	0	1	1	1	1	1	1	0	1	1	0	0	1	1	1	1	1	0	1	1	1	1	1	0	0	1	0	0	1	1	1	0	1	1	1	1	1	0	0	0	1	1	1	0	1	1
1	0	0	1	1	1	1	1	1	1	1	1	1	1	1	1	1	1	1	1	1	1	1	1	1	1	1	0	1	1	1	0	0	1	0	0	0	0	0	1	1	1	0	1	1	1	1	1	1	1	1	1	1	1	1	0	0	1	1	1	1	1	1	1	0	1	1	1	1	1	1	1	1	1	1	1	0	0	1	1	1	1	1	1	0	1	1	1	1	1	1	1	1	1	1	1	1	1	0	1	1	0	1	0	1	1	0	1	1	1	0	1	1	1	1	1	1	0	1	1	1	0	0	1	1	1	1	0	1	1	1	0	1	0	0	1	0	0	1	1	1	0	1	1	1	1	1	0	0	0	1	1	1	0	1	1
1	0	1	1	1	1	1	0	1	1	1	1	1	1	1	0	0	1	1	1	1	1	1	1	1	1	1	0	1	1	1	1	1	0	0	0	1	0	0	1	1	1	1	1	1	1	1	1	1	1	1	1	1	1	1	0	0	1	1	1	1	1	1	1	0	1	1	1	1	1	1	1	1	1	1	1	0	0	1	1	1	1	1	1	0	0	1	1	1	1	1	1	1	1	1	1	0	1	0	1	1	1	1	0	1	1	0	1	1	0	0	1	1	1	1	1	1	0	1	1	0	0	0	1	1	1	1	0	1	0	1	0	1	0	0	1	0	1	0	1	1	0	1	1	1	1	0	0	0	0	1	1	1	0	1	1
1	0	1	1	1	1	1	1	0	1	1	1	1	1	0	1	1	0	1	1	1	1	1	1	1	1	1	0	1	1	1	0	0	0	0	0	0	0	1	1	1	1	0	1	1	1	1	1	1	1	1	1	1	1	1	0	0	1	1	1	1	1	1	1	1	1	1	1	1	1	1	1	1	1	1	1	1	1	1	1	1	1	1	1	0	0	1	1	1	1	1	0	0	1	1	1	0	1	0	1	1	1	1	1	1	1	0	1	1	0	0	1	1	1	1	1	0	0	0	1	0	0	1	1	1	1	1	0	1	1	1	1	1	0	0	1	1	0	0	1	1	0	1	1	1	1	0	0	1	0	0	1	1	1	1	0
1	0	1	1	1	1	1	1	0	1	1	1	1	1	0	1	1	0	1	1	1	1	1	1	1	1	1	0	1	1	1	0	1	0	0	0	1	1	0	1	1	1	1	1	1	1	1	1	1	1	1	1	1	1	1	0	0	1	1	1	1	1	1	1	0	1	1	1	1	1	1	1	1	1	1	1	0	0	1	1	1	1	1	1	0	0	1	1	1	1	1	1	1	1	1	1	0	1	0	1	1	1	1	0	1	1	0	1	1	0	0	1	1	1	1	1	0	0	1	1	0	0	0	1	1	1	1	0	1	1	1	0	1	0	0	1	0	0	0	1	1	1	1	1	1	1	0	1	0	0	1	1	1	0	1	1
