kisI	samasyA	ke	samAXAna	ke}	lie	AvaSyaka	apekRiwa	caraNoM	kA	ke	anukrama	krama	pUrva	ko	kA	eka	kisI	kI	jFAwa	pUrvasUcanA	pUrvABAsa	prAWamikawA	pUrva	sUcanA	ke	nahIM	hE	se	xI	howA	jFAwa	nahIM	rUpa	pawA	Ora	hE	meM	jAwI	jFAwa	isakA	nahIM	Ora	hE	vikalpoM	nirXAraNa	hE	isakA	Ora	vikalpoM	kI	jAnA	vikalpoM	jAwA	nirXAraNa	ke	Ora	isakA	vyavasWiwa	kI	kramabaxXa	hE	nirXAraNa	vikalpoM	ke	isakA	Koja	vyavasWiwa	nirXAraNa	Ora	vikalpoM	kramabaxXa	anveRaNa	kI	xvArA	Koja	niSciwa	kI	anveRaNa	vyavasWiwa	vikalpoM	isakA	xvArA	xvArA	niSciwa	Koja	kI	nirXAraNa	vyavasWiwa	kiyA	kiyA	vikalpoM	vyavasWiwa	xvArA	Koja	kI	jAnA	jAnA	xvArA	kI	Koja	jAnI	kiyA	cAhie	cAhie	jAnA	se	vyavasWiwa	kiyA	.	.	jAnA	kiyA	cAhie	Koja
1	1	1	1	0	1	1	0	1	1	1	1	0	1	0	1	0	1	1	1	0	0	0	1	0	1	1	1	0	0	0	1	1	0	0	1	1	0	0	1	1	1	1	1	1	1	1	1	1	1	1	1	1	0	1	1	1	1	1	1	0	1	1	1	1	1	1	1	1	1	1	0	0	1	1	1	0	1	0	1	1	1	1	1	0	1	1	1	1	1	1	1	1	1	1	1	1	1	1	1	1	0	1	1	1	1	0	1	1	1	1	1	1	1	1
1	1	1	1	0	1	1	0	1	0	1	1	0	0	1	0	0	1	1	0	0	0	1	0	0	1	1	1	0	0	0	0	1	0	1	1	1	0	0	0	1	1	1	1	1	1	1	1	1	1	1	1	1	0	1	1	1	1	1	1	0	1	1	1	1	1	1	1	1	1	1	0	0	1	1	1	0	1	0	1	1	1	1	1	0	1	1	1	1	1	1	1	1	1	1	1	1	1	1	1	1	0	1	1	1	1	0	1	1	1	1	1	1	1	1
1	1	1	1	0	1	1	0	1	0	1	1	0	0	1	0	0	1	1	0	0	0	1	0	0	1	1	1	0	1	0	0	1	0	0	1	1	0	1	0	1	1	1	1	1	1	1	1	1	1	1	1	1	0	1	1	1	1	1	1	0	1	1	1	1	1	1	1	1	1	1	0	0	1	1	1	0	1	0	1	1	1	1	1	0	1	1	1	1	1	1	1	1	1	1	1	1	1	1	1	1	0	1	1	1	1	0	1	1	1	1	1	1	1	1
1	1	1	1	0	1	1	0	1	1	1	0	1	1	0	1	0	1	1	1	0	0	0	1	1	1	1	1	1	0	0	1	1	0	0	1	1	0	0	1	1	1	1	1	1	1	1	1	1	1	1	1	1	0	1	1	1	1	1	1	0	1	1	1	1	1	1	1	1	1	1	0	0	1	0	1	0	1	0	1	1	1	0	0	0	1	1	1	1	1	1	1	1	0	1	1	1	1	0	1	1	0	1	1	1	1	1	1	1	1	1	1	1	1	1
1	1	1	1	0	1	0	1	1	1	1	1	0	1	0	1	0	1	1	1	0	0	0	1	1	1	1	1	1	0	0	1	1	0	0	1	1	0	0	1	1	1	1	1	1	1	1	1	1	1	1	1	1	0	1	1	1	1	1	1	0	1	1	1	1	1	1	1	1	1	1	0	0	1	0	1	0	1	0	1	1	1	0	0	0	1	1	1	1	1	1	1	1	0	1	1	1	1	0	1	1	0	1	1	1	1	1	1	1	1	1	1	1	1	1
1	1	1	1	0	1	0	1	1	1	1	1	0	0	0	1	1	1	1	0	0	0	1	0	0	1	1	1	0	0	0	0	1	1	0	1	1	1	0	0	1	1	1	1	1	1	1	1	1	1	1	1	1	1	1	1	1	1	1	1	0	1	1	1	1	1	1	1	1	1	1	0	0	1	1	1	0	1	0	1	1	1	1	1	0	1	1	1	1	1	1	1	1	1	1	1	1	1	1	1	1	0	1	1	1	1	0	1	1	1	1	1	1	1	1
1	1	1	1	0	1	0	1	1	0	1	1	0	0	1	0	0	1	1	1	0	0	1	0	0	1	1	1	0	0	0	1	1	0	0	1	1	0	0	1	1	1	1	1	1	1	1	1	1	1	1	1	1	0	1	1	1	1	1	1	0	1	1	1	1	1	1	1	1	1	1	0	0	1	1	1	0	1	0	1	1	1	1	1	0	1	1	1	1	1	1	1	1	1	1	1	1	1	1	1	1	0	1	1	1	1	0	1	1	1	1	1	1	1	1
1	1	1	1	0	1	0	1	1	0	1	1	0	0	1	0	0	1	1	0	0	0	1	0	0	1	1	0	0	0	0	0	1	0	1	1	0	0	0	0	1	1	1	0	1	1	0	1	1	1	1	1	1	0	1	1	1	1	1	1	0	0	1	1	1	1	1	1	1	1	1	0	0	1	1	1	0	1	0	1	1	1	1	1	0	1	1	1	1	1	1	1	1	1	1	1	1	1	1	1	1	0	1	1	1	1	0	1	1	1	1	1	1	1	1
1	1	1	1	0	1	1	0	1	1	1	0	1	0	0	1	0	1	1	0	0	1	0	0	0	1	1	0	0	0	1	0	1	0	0	1	0	0	0	0	0	1	1	0	1	0	0	0	1	1	1	1	1	0	0	1	1	0	1	1	0	0	0	1	1	0	1	1	0	1	1	0	0	1	1	1	1	1	0	1	1	0	1	1	1	1	1	0	1	1	1	1	1	1	1	1	1	1	1	1	1	0	1	1	1	1	0	1	1	1	1	1	1	1	1
1	1	1	1	0	1	0	1	1	1	1	1	0	1	0	1	0	1	0	1	0	0	0	1	0	1	1	1	0	0	0	1	1	0	0	1	1	0	0	1	1	1	1	1	1	1	1	1	1	1	0	1	1	0	1	1	1	1	0	0	1	1	1	1	1	1	0	0	1	1	1	1	1	0	1	0	0	0	1	0	1	1	1	1	0	0	0	1	0	1	1	1	0	1	0	0	1	1	1	0	0	0	1	1	1	1	0	0	1	1	1	1	1	1	0
1	1	1	1	0	1	0	1	1	0	1	1	0	1	0	0	0	1	1	0	0	0	0	1	1	1	1	1	0	0	0	0	1	0	0	1	1	0	0	0	0	1	1	1	1	0	1	0	1	1	1	0	1	0	0	1	1	0	0	1	1	1	0	1	1	0	0	0	0	1	1	1	1	1	1	0	1	1	1	0	1	0	1	1	1	0	1	0	0	0	0	1	0	1	0	1	0	0	1	1	0	1	0	1	1	0	0	0	0	1	1	0	0	1	0
1	1	1	1	0	1	0	1	1	0	1	1	0	0	0	0	0	1	1	0	1	0	0	0	0	1	1	1	0	0	0	0	1	0	0	1	1	0	0	0	1	1	1	1	1	1	1	1	1	1	1	1	1	0	1	1	1	1	1	1	0	1	1	1	1	1	0	1	1	1	1	0	1	1	1	0	0	1	1	1	1	1	1	1	0	0	1	1	1	1	1	1	1	1	0	1	1	1	1	1	0	0	1	1	1	1	0	1	1	1	1	1	1	1	0
