sabase	cunOwIpUrNa	vAwAvaraNa	AMSika	rUpa	se	xeKane	xeKa	yogya	rahe	hE	hEM	,	,	stecastika	stochastic	stochastic	,	stocestika	,}	anukramika	,	,}	gawiSIla	,	,}	Ora	sawawa	sawawa	hE	lagAwAra	hE	,	,}	Ora}	kaI	buxXimAna	buxXimAna	ejeMtoM	ejeMtoM	nihiwa	ke	ke	hE	se	howe	SAmila	bAre	bAre	hEM	.	meM	pahale	meM	hama	.	hama	pahale	eka	pahale	buxXimAna	eka	carcA	eka	buxXimAna	kI	ejeMta	carcA	buxXimAna}	ejeMta	ke	hE	bAre	.	ke	bAre	eka	meM	bAre	buxXimAna	meM	carcA	meM	ejeMta	carcA	kI	carcA	ke	hE	kI	kI	hE	bAre	.	hE	meM	.
1	1	1	1	1	1	1	0	1	0	1	0	1	1	0	1	1	1	0	0	1	1	0	1	1	0	1	1	1	1	0	1	1	0	0	1	1	1	1	1	0	1	1	1	1	0	0	1	1	0	1	1	1	1	1	1	1	1	1	1	1	1	1	1	1	1	1	1	0	1	1	1	1	1	1	1	1	1	1	1	1	1	1	1	1	1	1	1	1	1	1	1	1	1	1	1	1
1	1	1	1	1	1	1	0	1	0	1	0	1	1	0	1	1	1	0	0	1	1	0	1	1	0	1	1	1	1	0	1	1	0	0	1	1	1	1	1	0	1	1	1	1	0	0	1	1	0	1	1	1	1	0	1	0	1	0	1	1	0	1	0	1	1	0	1	0	0	1	1	1	1	1	1	0	1	1	1	1	1	1	0	1	1	1	1	1	1	1	1	1	1	1	1	1
1	1	1	1	1	1	1	0	1	0	1	0	1	1	0	1	1	1	0	0	1	1	0	1	1	0	1	1	1	1	0	1	1	0	0	1	1	1	1	1	0	1	1	1	1	0	0	1	1	0	1	1	1	1	1	1	1	1	1	1	1	1	1	1	1	1	1	1	0	1	1	1	1	1	1	1	1	1	1	1	1	1	1	1	1	1	1	1	1	1	1	1	1	1	1	1	1
1	1	1	1	1	1	1	0	1	0	1	0	1	1	0	1	1	1	0	0	1	1	0	1	1	0	1	1	1	1	0	1	1	0	0	1	1	1	1	1	0	1	1	1	1	0	0	1	1	0	0	1	1	1	1	0	1	1	1	1	1	1	1	1	1	1	1	1	0	1	1	1	1	0	1	1	1	1	1	1	1	1	1	1	1	1	1	1	1	1	1	1	1	0	1	1	0
1	1	1	1	1	1	1	0	1	0	1	0	1	1	0	1	1	1	0	0	1	1	0	1	1	0	1	1	1	1	0	1	1	0	0	1	1	1	1	1	0	1	1	1	1	0	0	1	1	0	1	1	1	1	1	1	1	1	1	1	1	1	1	1	1	1	1	1	0	1	1	1	1	1	1	1	1	1	1	1	1	1	1	1	1	1	1	1	1	1	1	1	1	1	1	1	1
1	1	1	1	1	1	1	0	1	0	1	1	1	1	0	1	1	1	0	0	1	1	0	1	1	0	1	1	1	1	0	1	1	0	0	1	1	1	1	1	0	1	1	1	1	0	1	1	1	1	1	1	1	1	1	1	1	1	1	1	1	1	1	1	1	1	1	1	0	1	1	1	1	1	1	1	1	1	1	1	1	1	1	1	1	1	1	1	1	1	1	1	1	1	1	1	1
1	1	1	1	1	1	1	0	1	0	1	0	1	1	1	0	0	1	0	0	1	1	0	1	1	0	1	1	1	1	0	1	1	0	0	1	1	1	1	1	0	1	1	1	1	0	0	1	1	0	1	1	1	1	1	1	1	1	1	1	1	1	1	1	1	1	1	1	0	1	1	1	1	1	1	1	1	1	1	1	1	1	1	1	1	1	1	1	1	1	1	1	1	1	1	1	1
1	1	1	1	1	1	1	0	1	0	1	1	1	1	0	1	1	1	0	0	1	1	0	1	1	0	1	1	1	1	0	1	1	0	0	0	1	1	1	1	0	1	1	1	1	1	0	0	0	1	1	0	0	0	0	1	0	0	0	0	1	0	0	0	1	0	0	0	0	0	1	1	0	1	1	0	0	0	0	1	0	0	0	0	0	0	0	1	1	0	0	1	0	1	1	0	1
1	1	1	1	1	1	1	0	1	0	0	1	1	1	0	0	0	1	1	0	1	1	0	1	1	0	1	1	1	0	0	0	1	0	0	0	1	1	1	1	0	1	1	0	1	1	0	0	0	1	1	0	0	0	0	1	0	0	0	0	1	0	0	0	1	0	0	0	0	0	1	0	0	1	1	0	0	0	0	1	0	0	0	0	0	0	0	1	0	0	0	0	0	1	0	0	1
1	1	1	1	1	1	0	1	0	1	1	1	1	1	0	1	1	1	0	0	1	1	0	1	1	0	1	0	0	1	1	1	1	0	0	0	1	1	1	1	1	0	0	1	1	0	0	0	0	1	1	0	0	0	0	1	0	0	0	0	1	0	0	0	1	0	0	0	0	0	0	1	0	1	0	0	0	0	0	1	0	0	0	0	0	0	0	0	1	0	0	1	0	1	1	0	1
1	1	1	1	1	1	1	0	1	0	1	1	1	1	0	0	0	1	1	0	1	1	0	1	1	0	1	0	0	1	1	1	1	0	0	0	1	1	1	1	1	0	0	1	1	0	0	0	0	1	1	0	0	0	0	1	0	0	0	0	1	0	0	0	1	0	0	0	0	0	0	1	0	1	0	0	0	0	0	1	0	0	0	0	0	0	0	0	1	0	0	1	0	1	1	0	1
