uparokwa	uxAharaNa	spaRta	yaha	isa	se	karawA	bAwa	spaRta	ko	karawA	howA	hE	hE	ki	spaRta	kEse	karawA	ki	hama	kEse	hE	kisa	eka	kisa	prakAra	ki	hama	xie	hama	kisa	prakAra	eka	gae	prakAra	eka	xie	rAjya	xie	hama	gae	se	eka	kisI	gae	rAjya	SurU	rAjya	se	xie	xI	kara	gaI	se	SurU	gae	rAjya	sakawe	prAraMBa	avasWA	kara	SuruAwa	kara	se	hEM	sakawe	SurU	hEM	Ora	AraMBa	sakawe	uwwarAXikAriyoM	kara	Ora	hEM	karake	uwwarAXikAriyoM	kA	anusaraNa	sakawe	uwwarAXikAriyoM	Ora	kA	pAlana	hEM	uwwarAXikAriyoM	kara	kA	kareM	kA	anusaraNa	sakawe	Ora	,	anusaraNa	kara	uwwarAXikAriyoM	hEM	kara	sakawe	,	kA	Ora	eka	Ora	anusaraNa	hEM	sakawe	samAXAna	lakRya	,	Ora	kara	eka	hEM	paWa	kI	rAjya	hE	sakawe	una	lakRya	Ora	,	sWiwi>>	ke	kI	Ese	,	una	eka	mArgoM	samAXAna	lie	lie	ko	Ora	lakRya	ora	paWoM	newqwva	samAXAna	newqwva	paWoM	una	rAjya	le	ko	Koja	paWa	karane	karane	sakawe	ke	Koja	ko	jAne	vAle	samAXAna	Kojane	vAle	hEM	sakawe	lie	rAswoM	Kojane	meM	samAXAna	samAXAna	ko	newqwva	hEM	jo	rAswe	sakRama	paWa	meM	paWa	karane	eka	jo	sakRama	Kojane	ho	Kojane	sakawe	eka	lakRya	meM	ho	meM	lakRya	avasWA	sakawe	hEM	sakRama	sakRama	hEM	jo	kI	rAjya	ho	ho	eka	ora	sakawe	kI	jo	.	sakawe	ora	eka	hEM	lakRya	le	.
1	1	1	0	0	1	1	0	1	0	1	0	1	1	1	1	1	1	1	1	1	1	0	1	0	0	1	1	1	1	0	0	1	1	0	1	1	1	1	1	1	1	1	0	1	1	1	1	1	1	0	1	0	1	1	1	1	1	0	0	1	0	1	1	1	1	1	1	1	0	1	1	1	1	1	0	1	1	0	1	1	1	1	1	1	1	1	1	1	1	0	1	1	1	0	1	1	1	1	1	1	1	1	1	1	0	1	1	1	1	1	1	1	1	1	1	1	1	1	1	0	1	1	1	0	1	1	0	1	0	1	0	1	1	1	0	1	1	0	0	1	1	1	0	0	1	0	0	0	1	1	1	1	1	0	0	0	1	1	1	1	1	1	1	0	1	1	1	1	0	1	1	0	0	1	1	1	1	1	1	0	1	1	1	1	1	1	1	1	1	1	1	0	1	1	1	1	1	0	1	1	1	1	1	0	1	1	0	1	1	0	1	1	1	0	1
1	1	1	0	0	1	1	0	1	0	1	0	1	1	1	1	1	1	1	1	1	1	0	1	0	0	1	1	1	1	0	0	1	1	0	1	1	1	1	1	1	1	1	0	1	1	1	1	1	1	0	1	0	1	1	1	1	1	0	0	1	0	1	1	1	1	1	1	1	0	1	1	1	1	1	0	1	1	0	1	1	1	1	1	1	1	1	1	1	1	0	1	1	1	0	1	1	1	1	1	1	1	1	1	1	0	1	1	1	1	1	1	1	1	1	1	0	1	1	1	0	1	1	1	0	1	0	0	1	0	1	0	1	1	1	0	1	1	0	0	1	1	1	0	0	1	0	0	0	1	1	1	1	1	0	0	0	0	1	0	0	1	1	1	0	0	1	1	1	0	1	1	0	0	1	1	1	1	1	1	0	1	0	1	0	1	1	1	1	1	1	1	0	1	1	1	1	1	0	0	1	1	1	1	0	1	0	0	1	1	0	1	1	1	0	1
1	1	1	0	0	1	1	0	1	0	1	0	1	1	1	1	1	1	1	1	1	1	0	1	0	0	1	1	1	1	0	0	1	1	0	1	1	1	1	1	1	1	1	0	1	1	1	1	1	1	0	1	0	1	1	1	1	1	0	0	1	0	1	1	1	1	1	1	1	0	1	1	1	1	1	0	1	1	0	1	1	1	1	1	1	1	1	1	1	1	0	1	1	1	0	1	1	1	1	1	1	1	1	1	1	0	1	1	1	1	1	1	1	1	1	1	0	1	1	1	0	1	1	1	0	1	0	0	1	0	1	0	1	1	1	0	1	1	0	0	1	1	1	0	0	1	0	0	0	1	1	1	1	1	0	0	0	1	1	1	1	1	1	1	0	1	1	1	1	0	1	1	0	0	1	1	1	1	1	1	0	1	1	1	1	1	1	1	1	1	1	1	0	1	1	1	1	1	0	0	1	1	1	1	0	1	0	0	1	1	0	1	1	1	0	1
1	1	1	0	0	1	1	0	1	0	1	0	1	1	1	1	1	1	1	1	1	1	0	1	0	0	1	1	1	1	0	0	1	1	0	1	1	1	1	1	1	1	1	0	1	1	1	1	1	1	0	1	0	1	1	1	1	1	0	0	1	0	1	1	1	1	1	1	1	0	1	1	1	1	1	0	1	1	0	1	1	1	1	1	1	1	1	1	1	1	0	1	1	1	0	1	1	1	1	1	1	1	1	1	1	0	1	1	1	1	1	1	1	1	1	0	0	1	1	1	0	1	1	1	0	1	0	0	1	0	1	0	1	1	1	0	1	1	0	0	1	1	1	0	0	1	0	0	0	0	1	1	1	1	0	0	0	1	1	1	1	1	1	1	0	1	1	1	1	0	1	1	0	1	1	0	1	0	1	1	0	1	1	1	1	1	1	1	1	1	1	1	0	1	1	1	1	1	0	0	1	1	1	1	0	1	0	0	1	1	0	1	1	1	0	1
1	1	1	1	0	1	1	0	1	0	1	0	1	1	1	1	0	1	1	1	0	1	1	1	1	1	1	1	1	1	1	1	1	1	1	1	1	1	1	1	1	1	1	0	1	1	0	1	1	1	0	1	0	1	0	1	1	1	1	0	1	0	1	1	1	1	0	1	1	0	1	1	1	1	1	0	1	1	1	1	1	1	1	0	1	1	1	1	0	1	1	1	1	1	1	1	1	1	1	1	1	1	1	1	1	1	1	1	1	1	1	1	1	1	1	1	1	1	1	1	0	1	1	1	0	0	1	1	1	0	1	0	1	0	0	0	1	1	1	0	0	1	0	0	0	1	1	0	0	1	0	0	1	0	0	0	0	0	1	1	0	1	1	0	0	1	1	1	1	0	0	1	1	0	1	1	1	1	0	1	1	1	1	1	1	1	1	1	1	1	1	1	0	1	1	1	1	1	1	1	1	1	1	1	1	1	1	1	1	1	1	1	1	1	1	1
1	1	1	0	0	1	0	0	1	0	0	1	1	1	1	1	0	0	1	1	0	1	1	1	1	1	1	1	1	1	1	1	1	1	1	1	1	1	1	1	1	1	1	0	1	1	0	1	1	1	0	1	0	1	0	1	1	1	1	0	1	0	1	1	1	1	0	1	1	0	1	1	1	1	1	0	1	1	1	1	1	1	1	0	1	1	1	1	0	1	1	1	1	1	1	1	1	1	1	1	1	1	1	1	1	1	1	1	1	1	1	1	1	1	1	1	1	1	1	1	0	1	1	1	0	0	1	0	1	0	1	0	1	0	0	0	1	1	1	0	0	1	0	0	0	1	1	0	0	1	0	0	1	0	0	0	1	1	1	1	1	1	1	0	0	1	1	1	1	0	0	1	0	0	1	1	1	1	0	1	0	1	1	1	1	1	1	1	1	1	1	1	0	1	1	1	1	1	0	1	1	1	1	1	1	1	1	0	1	1	1	1	1	1	1	1
1	1	1	0	0	1	0	0	1	0	0	1	1	1	1	1	0	0	1	1	0	1	1	1	1	1	1	1	1	1	1	1	1	1	1	1	1	1	1	1	1	1	1	0	1	1	0	1	1	1	0	1	0	1	0	1	1	1	1	0	1	0	1	1	1	1	0	1	1	0	1	1	1	1	1	0	1	1	1	1	1	1	1	0	1	1	1	1	0	1	1	1	1	1	1	1	1	1	1	1	1	1	1	1	1	1	1	1	1	1	1	1	1	1	1	1	1	1	1	1	0	1	1	1	0	0	1	1	1	0	1	0	1	0	0	0	1	1	1	0	0	1	0	0	0	1	1	0	1	1	0	0	1	0	1	0	0	0	1	0	0	1	1	0	0	0	0	1	1	0	0	1	1	0	0	1	0	1	0	1	1	0	0	0	0	1	1	1	0	0	0	1	0	1	1	0	0	1	1	1	1	0	0	1	1	1	1	1	1	1	1	1	1	1	1	1
1	1	1	0	1	1	1	1	1	1	1	0	1	1	1	1	0	1	1	1	0	1	1	1	1	1	1	1	0	1	1	1	1	0	1	1	0	0	0	1	0	1	1	1	0	0	0	0	1	0	1	1	1	1	0	0	0	1	0	1	1	0	1	1	1	1	0	1	1	1	1	1	1	1	1	1	1	1	1	1	1	1	1	0	1	1	1	1	0	1	1	1	1	0	1	1	1	1	1	1	0	1	1	1	1	1	1	1	1	1	0	1	1	1	1	0	1	0	1	1	1	1	1	0	0	0	1	0	0	1	1	1	1	0	0	1	1	1	1	0	0	1	0	0	1	0	1	1	1	0	0	0	1	0	1	1	0	0	1	0	0	1	1	0	0	0	0	1	1	1	0	1	1	0	0	0	0	0	0	1	1	0	0	0	0	1	1	1	0	0	0	1	1	1	1	0	0	1	1	1	0	0	0	1	1	1	1	1	1	1	1	1	1	1	1	1
1	1	1	0	0	1	0	0	1	1	0	1	1	1	1	1	0	0	1	1	0	1	1	1	1	1	1	1	1	1	1	1	1	1	1	1	1	1	1	1	1	1	1	0	1	1	0	1	1	1	0	1	0	1	0	1	1	1	0	1	1	1	1	1	1	1	0	1	1	0	1	1	1	1	1	0	1	1	1	1	1	1	1	0	1	1	1	1	0	1	1	1	1	1	1	1	1	1	1	1	1	1	1	1	1	1	1	1	1	1	1	1	1	1	1	0	1	1	1	1	1	1	1	1	0	0	1	0	1	1	1	0	1	0	0	1	1	1	1	1	0	1	0	1	1	1	1	1	0	0	0	0	1	0	0	1	0	0	1	1	0	1	1	0	0	1	1	1	1	1	0	1	1	0	1	0	1	0	0	1	1	1	1	1	1	1	1	1	1	1	1	1	1	1	1	1	1	1	1	1	1	1	1	1	1	1	1	1	1	1	1	1	1	1	1	1
1	1	1	0	0	1	0	0	1	1	0	1	1	1	1	1	1	0	1	1	1	1	0	1	0	0	1	1	1	1	0	0	1	1	0	1	1	1	1	1	1	1	1	0	1	1	1	1	1	1	0	1	0	1	1	1	1	1	0	0	1	0	1	1	1	1	1	1	1	0	1	1	1	1	1	0	1	1	1	1	1	1	1	0	1	1	1	1	0	1	1	1	1	1	1	1	1	1	1	1	1	1	1	1	1	1	1	1	1	1	1	1	1	1	1	0	1	1	1	1	1	1	1	1	0	0	1	0	1	1	1	0	1	0	0	1	1	1	1	1	0	1	0	1	1	1	1	1	0	0	0	0	1	0	0	1	0	0	1	1	0	1	1	0	0	1	1	1	1	1	0	1	1	0	1	0	1	0	0	1	1	1	1	1	1	1	1	1	1	1	1	1	0	1	1	1	1	1	1	1	1	1	1	1	1	1	1	1	1	1	1	1	1	1	1	1
1	1	1	0	1	1	1	1	1	1	1	0	1	1	1	1	0	1	1	1	0	1	1	1	1	1	1	1	1	1	1	1	1	1	1	1	1	1	1	1	1	1	1	0	1	1	1	1	1	1	0	1	0	1	1	1	1	1	0	1	1	0	1	1	1	1	1	1	1	0	1	1	1	1	1	0	1	1	1	1	1	1	1	0	1	1	1	1	0	1	1	1	1	1	1	1	1	1	1	1	1	1	1	1	1	1	1	1	1	1	1	1	1	1	1	0	0	1	1	1	1	1	1	1	0	0	0	0	1	1	1	0	1	0	0	1	1	1	0	0	0	1	0	0	1	1	1	1	0	0	0	0	1	0	0	1	0	0	1	1	0	1	1	0	1	1	1	1	1	1	0	1	1	0	1	0	1	0	0	1	1	1	1	1	1	1	1	1	1	1	1	1	1	1	1	1	1	1	1	0	1	1	1	1	0	1	0	1	1	1	0	1	1	1	1	1
