koI	kisI	BI	suI	kisI	para	BI	meM	sabase	suI	SIrRa	UparI	Upara	para	diska	sabase	kI	kisI	diska	Upara	ko	BI}	BI	kisI	anya	suI}	ke	anya	suI	lie	kI	ke	suI	SIrRa	ke	sabase	lie	kI	Upara	sabase	sWiwi	lie	SIrRa	UparI	ke	sWiwi	SIrRa	kI	Upara	lie	meM	sWiwi	ke	kI	sWAnAMwariwa	sWiwi	le	lie	ke	kara	lie	ke	meM	sWAnAMwariwa	jAyA	sakawe	kara	jA	sWAnAMwariwa	le	lie	hEM	kara	sakawA	jAyA	sWAnAMwariwa	sakawe	.	sakawe	hEM	jA	hE	kara
1	1	1	1	1	1	1	0	1	1	1	0	0	1	1	1	0	1	1	0	0	0	1	1	1	0	1	1	1	1	0	1	1	1	1	1	1	0	0	1	1	1	1	0	1	1	1	0	0	1	0	1	1	0	1	1	0	1	1	1	1	1	0	1	0	1	1	0	1	0	1	1	1	0	0	1	1	1	1	1	0	0	1
1	1	1	1	1	1	1	0	1	1	1	0	1	1	1	1	0	1	1	1	0	0	1	1	1	0	1	1	1	1	0	1	1	1	1	1	1	0	1	1	1	1	1	0	1	1	1	0	1	1	0	1	1	0	1	1	0	1	1	1	1	1	0	1	0	1	1	0	1	0	1	1	1	0	0	1	1	1	1	1	0	0	1
0	1	1	1	1	1	1	0	1	1	1	0	1	1	1	1	0	1	1	1	0	0	1	1	1	0	1	1	1	1	0	1	1	1	1	1	1	0	1	1	1	1	1	0	1	1	1	0	1	1	0	1	1	0	1	1	0	1	1	1	1	1	0	1	0	1	1	0	1	0	1	1	1	0	0	1	1	1	1	1	0	0	1
0	1	1	1	1	1	1	1	1	1	0	1	0	1	1	1	1	1	1	0	1	0	1	1	1	0	0	1	1	0	1	0	1	0	0	1	0	1	0	1	1	0	0	1	0	1	0	1	0	0	1	1	0	1	0	1	1	0	0	0	0	0	1	0	1	0	0	1	0	1	0	0	0	1	1	0	0	1	0	0	1	1	0
0	1	1	1	1	1	1	1	1	1	0	0	1	1	1	1	1	1	1	1	1	0	1	1	1	0	0	1	1	0	1	0	1	0	0	1	0	1	1	1	1	0	0	0	0	1	0	1	1	0	1	1	0	1	0	1	1	0	0	0	0	0	1	0	1	0	0	1	0	1	0	0	0	1	1	0	0	1	0	0	1	1	0
0	1	1	1	1	1	1	0	1	1	0	0	1	1	1	1	0	1	1	1	0	0	1	1	1	0	1	1	1	1	0	1	1	0	1	1	1	0	1	1	1	1	0	0	1	1	0	0	1	1	0	1	1	0	1	1	0	1	1	1	1	1	0	1	0	1	1	0	1	0	1	1	1	0	0	1	1	0	1	1	0	0	1
0	1	1	1	1	1	1	1	1	1	0	0	1	1	1	1	1	1	1	1	0	0	1	1	1	0	1	1	1	1	1	1	1	0	1	1	1	1	1	1	1	1	0	0	1	1	0	1	1	1	1	1	1	1	1	1	0	1	1	1	1	1	1	1	0	1	1	0	1	0	1	1	1	0	0	1	1	0	1	1	0	0	1
0	1	1	1	1	1	1	0	1	1	0	0	1	1	1	1	1	1	1	1	0	0	1	1	1	0	1	1	1	1	1	1	1	0	1	1	1	1	1	1	1	1	0	0	1	1	0	1	1	1	0	1	1	1	1	1	0	1	1	1	1	1	0	1	0	1	1	0	1	0	1	1	1	0	0	1	1	1	1	1	0	0	1
1	1	1	1	1	1	1	0	1	1	0	0	1	1	1	1	1	1	1	1	0	0	1	1	1	0	1	1	1	1	1	1	1	0	1	1	1	1	1	1	1	1	0	0	1	1	0	1	1	1	0	1	1	1	1	1	0	1	1	1	1	1	0	1	0	1	1	0	1	0	1	1	1	0	0	1	1	1	1	1	0	0	1
1	1	1	1	1	1	1	1	1	1	0	0	1	1	1	1	1	1	1	1	0	0	1	1	1	0	1	1	1	1	1	1	1	0	1	1	1	1	1	1	1	1	0	0	1	1	0	1	1	1	1	1	1	1	1	1	0	1	1	1	1	1	1	1	0	1	1	0	1	0	1	1	1	0	0	1	1	1	1	1	0	0	1
0	1	1	1	1	1	1	1	1	1	0	0	1	1	1	1	1	1	1	1	1	0	1	1	1	0	1	1	1	1	1	1	1	0	1	1	1	1	1	1	1	1	0	0	1	1	0	1	1	1	1	1	1	1	1	1	0	1	1	1	1	1	1	1	0	1	1	0	1	0	1	1	1	0	0	1	1	1	1	1	0	0	1
0	1	1	1	1	1	1	1	1	1	1	0	1	1	1	1	1	1	1	1	1	0	1	1	1	0	0	1	1	0	1	0	1	1	0	1	0	1	1	1	1	0	1	0	0	1	1	1	1	0	1	1	0	1	0	1	1	0	0	0	0	0	1	0	1	0	0	1	0	1	0	0	0	1	1	0	0	1	0	0	1	1	0
0	1	1	1	1	1	1	1	1	1	1	0	1	1	1	1	1	1	1	1	1	0	1	1	1	0	0	1	1	0	1	0	1	1	0	1	0	1	1	1	1	0	1	0	0	1	1	1	1	0	1	1	0	1	0	1	1	0	0	0	0	0	1	0	1	0	0	1	0	1	0	0	0	1	1	0	0	0	0	0	1	1	0
0	1	1	1	1	0	1	1	1	1	0	0	1	0	1	1	1	1	1	1	1	0	1	1	1	0	0	1	1	0	1	0	1	0	0	1	0	1	1	1	1	0	0	0	0	1	0	1	1	0	1	1	0	1	0	1	1	0	0	0	0	0	1	0	1	0	0	1	0	1	0	0	0	1	1	0	0	1	0	0	1	1	0
