samasyA	yaha	8	hE	rAniyoM	ki	ko	8	SawaraMja	rAniyoM	ke	ko	Palaka	SawaraMja	eka	para	ke	mohare	raKane	SawaraMja	kI	waKwe	bisAwa	kI	ke	para	para	waKwe	hE	borda	raKA	raKA	jAye	para	raKa	wAki	jAe	raKa	raKA	wAki	koI	xiyA	wAki	jAe	xiyA	BI	koI	koI	jAe	wAki	xo	BI	BI	koI	wAki	xo	rAniyAM	xo	koI	BI	rAniyAM	eka	BI	xo	rAniyAM	eka	hI	eka	xo	rAniyAM	hI	paMkwi	eka	rAniyAM	hI	paMkwi	,	paMkwi	hI	eka	swaMBa	,	meM	hI	paMkwi	yA	swaMBa	,	paMkwi	na	meM	swaMBa	vikarNa	yA	hoM	meM	na	yA	vikarNa	na	meM	hoM	,	vikarNa	swaMBa	,	hoM	meM	na	na	raheM	,	yA	swaMBa	.	vikarNa	bAIM	swaMBa	raheM	yA	hoM	.	-	vikarNa	yA	ora	.	nIce	nIce	bAIM	-	vikarNa	kA	.	xiyA	xI	ora	-	xie	nIce	ciwra	gayA	gae	xI	8	bAIM	nIce	ke	gaI	kA	ciwra	gaI	wasvIra	ora	praSnoM	xiyA	kA	8}	kviMsa>>	samasyA}	kA	samasyA	kvErI	kI	hala	kvErIMsa	ke	samAXAna	samasyA	bawAwA	uwwara	kA	xiKAwA	hE	kA	xie	samAXAna	hE}	.	hE	xiKAwA	xiKAyA	hEM	xiKAI
1	1	1	1	1	1	1	1	1	1	1	1	0	1	1	1	1	0	0	1	0	1	0	0	1	1	1	1	1	0	1	1	0	1	0	1	1	0	1	1	1	1	1	1	1	1	1	1	1	1	1	1	1	1	1	1	1	1	1	1	1	1	1	1	1	1	1	1	1	1	1	1	1	1	1	1	1	1	1	1	1	1	1	1	1	1	1	1	1	1	1	1	1	1	1	1	1	1	1	1	1	1	1	1	1	1	1	1	1	1	0	1	1	1	1	1	0	1	0	1	1	1	1	1	1	0	1	1	1	0	1	1	1	1	1	0	0	1	0	1	1	1	0	0	1	0	1	1	0	1	1	0	0	0	0	1	1	0	0	0	1	1	0	0	0	0	1	1	1	0	0	1	1	1	1	0	1	0	1	1	1	0	0	0
1	1	1	1	1	1	1	1	1	1	1	1	0	1	1	1	1	0	0	1	0	1	0	0	1	1	1	1	1	0	1	1	0	1	0	1	1	0	1	1	1	1	1	1	1	1	1	1	1	1	1	1	1	1	1	1	1	1	1	1	1	1	1	1	1	1	1	1	1	1	1	1	1	1	1	1	1	1	1	1	1	1	1	1	1	1	1	1	1	1	1	1	1	1	1	1	1	1	1	1	1	1	1	1	1	1	1	1	1	1	0	1	1	1	1	1	0	1	0	1	1	1	1	1	1	0	1	1	1	0	1	1	1	1	1	0	0	1	0	1	1	1	0	0	1	0	1	1	0	1	1	0	0	0	0	1	1	0	0	0	1	1	0	0	0	0	1	1	1	0	0	1	1	1	1	0	1	0	1	1	1	0	0	0
1	1	1	1	1	1	1	1	1	1	1	1	0	1	1	1	1	0	0	1	0	1	0	0	1	1	1	1	1	0	1	1	0	1	0	1	1	0	1	1	1	0	1	1	0	1	1	1	1	1	1	1	1	1	1	1	1	1	1	1	1	1	1	1	1	1	1	1	1	1	1	1	1	1	1	1	1	1	1	1	1	1	1	1	1	1	1	1	1	1	1	1	1	1	1	1	1	1	1	1	1	1	1	1	1	1	1	1	1	1	0	1	1	1	1	1	0	1	0	1	1	1	0	1	1	0	1	1	1	0	0	1	1	1	0	0	0	0	0	1	1	0	0	0	1	0	1	1	0	1	1	0	0	0	0	0	1	0	0	0	1	1	0	0	0	0	1	1	1	0	0	1	1	1	1	0	1	0	1	1	1	0	0	0
1	1	1	1	1	1	1	1	1	1	1	1	0	1	1	1	1	0	0	1	0	1	0	0	1	1	1	1	1	0	1	1	0	1	0	1	1	0	1	1	1	0	1	1	0	1	1	1	1	1	1	1	1	1	1	1	1	1	1	1	1	1	1	1	1	1	1	1	1	1	1	1	1	1	1	1	1	1	1	1	1	1	1	1	1	1	1	1	1	1	1	1	1	1	1	1	1	1	1	1	1	1	1	1	1	1	1	1	1	1	0	1	1	1	1	1	0	1	0	1	1	1	1	1	1	0	1	1	1	0	1	1	1	1	0	1	0	1	0	1	0	0	0	1	1	0	1	1	1	1	0	1	1	0	0	0	1	0	0	0	1	1	0	0	0	0	1	1	1	0	0	1	0	1	1	0	1	0	1	1	0	0	0	0
1	1	1	1	1	1	1	1	1	1	1	1	0	1	1	1	1	0	0	1	0	0	0	0	1	1	1	0	1	1	1	1	0	1	0	1	1	0	1	1	1	0	1	1	0	1	1	1	1	1	1	1	1	1	1	1	1	1	1	1	1	1	1	1	1	1	1	1	1	1	1	1	1	1	1	1	1	1	1	1	1	1	1	1	1	1	1	1	1	1	1	1	1	1	1	1	1	1	1	1	1	1	1	1	1	1	1	1	1	1	0	1	1	1	1	1	0	1	0	1	1	1	0	1	1	0	1	1	1	0	0	1	1	1	0	0	0	0	0	1	1	0	0	0	1	0	1	1	0	1	1	0	0	0	0	0	1	0	0	0	1	1	0	0	0	0	1	1	1	0	0	1	1	1	1	0	1	0	1	1	1	0	0	0
1	1	1	1	1	1	1	1	1	1	1	1	0	1	1	1	1	0	0	1	0	1	0	0	1	1	1	1	1	0	0	0	0	1	1	1	1	1	0	1	1	1	1	1	1	1	1	1	1	1	1	1	1	1	1	1	1	1	1	1	1	1	1	1	1	1	1	1	1	1	1	1	1	1	1	1	1	1	1	1	1	1	1	1	1	1	1	1	1	1	1	1	1	1	1	1	1	1	1	1	1	1	1	1	1	1	1	1	1	1	0	1	1	1	1	1	0	1	0	1	1	1	1	1	1	0	1	1	1	0	1	1	1	1	1	0	0	1	0	1	1	0	0	0	1	0	1	1	0	1	1	0	0	0	0	1	1	0	0	0	1	1	0	0	0	0	1	1	1	1	0	1	0	1	1	0	1	0	1	1	0	0	0	0
1	1	1	1	1	1	1	1	1	1	1	1	0	1	1	1	1	0	0	1	0	0	0	0	1	1	1	0	1	1	1	1	0	1	0	1	1	0	1	1	1	0	1	1	0	1	1	1	1	1	1	1	1	1	1	1	1	1	1	1	1	1	1	1	1	1	1	1	1	1	1	1	1	1	1	1	1	1	1	1	1	1	1	1	1	1	1	1	1	1	1	1	1	1	1	1	1	1	1	1	1	1	1	1	1	1	1	1	1	1	0	1	1	1	1	1	1	1	0	1	1	1	0	1	1	1	1	1	1	1	0	1	1	1	0	0	1	0	0	1	1	0	0	0	1	1	1	1	0	1	1	0	0	1	0	0	1	0	0	0	1	1	0	0	0	1	1	1	1	0	0	1	1	1	1	0	1	0	1	1	1	0	0	0
1	1	1	1	1	1	1	1	1	1	1	1	0	1	1	1	1	0	0	1	0	1	0	0	1	1	1	1	1	0	0	0	0	1	1	1	1	1	0	1	1	1	1	1	1	1	1	1	1	1	1	1	1	1	1	1	1	1	1	1	1	1	1	1	1	1	1	1	1	1	1	1	1	1	1	1	1	1	1	1	1	1	1	1	1	1	1	1	1	1	1	1	1	1	1	1	1	1	1	1	1	1	1	1	1	1	1	1	1	1	0	1	1	1	1	1	0	1	0	1	1	1	1	1	1	0	1	1	1	0	1	1	1	1	1	0	0	1	0	1	1	1	0	0	1	0	1	1	0	1	1	0	0	0	0	1	1	0	0	0	1	1	1	0	0	0	1	1	1	0	0	1	1	1	1	0	1	0	1	1	1	0	0	0
1	1	1	1	1	1	1	1	1	1	1	1	0	1	1	1	1	0	0	1	1	0	1	1	1	1	1	0	1	0	1	1	0	1	0	1	1	0	1	1	1	0	1	1	0	1	1	1	1	1	1	1	1	1	1	1	1	1	1	1	1	1	1	1	1	1	1	1	1	1	1	1	1	1	1	1	1	1	1	1	1	1	1	1	1	1	1	1	1	1	1	1	1	1	1	1	1	1	1	1	1	1	1	1	1	1	1	1	1	1	0	1	1	1	1	1	1	1	0	1	1	1	0	1	1	1	1	0	0	1	0	1	1	1	0	0	1	0	0	0	1	1	0	0	1	1	0	1	0	1	1	0	0	1	0	0	1	0	0	0	1	1	0	1	0	0	1	1	1	0	0	1	0	1	1	0	1	0	1	1	0	1	0	0
1	1	1	1	1	1	1	1	1	1	1	1	0	1	1	1	1	0	0	1	1	0	1	1	1	1	1	0	1	0	0	0	0	1	1	1	1	1	0	1	1	1	1	1	1	0	1	1	1	1	1	0	0	1	1	1	1	1	1	0	1	1	0	1	1	1	1	1	1	1	1	1	1	1	1	1	1	1	1	1	1	1	1	1	1	1	1	1	1	1	1	1	1	1	0	1	1	1	1	1	1	0	1	1	1	1	0	1	1	1	1	1	1	1	1	1	0	1	1	1	0	1	0	1	1	0	1	1	1	0	0	1	0	1	1	1	0	0	1	1	0	0	1	1	1	0	1	1	1	0	0	1	1	0	1	1	0	0	0	0	0	1	0	1	0	0	1	0	1	0	1	0	0	1	0	1	0	0	1	1	0	0	1	0
1	0	1	1	1	0	1	1	1	1	1	1	1	1	1	1	1	0	1	1	1	0	0	1	1	1	1	0	1	0	0	0	0	1	0	1	0	0	0	1	1	0	1	0	0	1	1	1	0	1	1	1	1	1	1	1	1	1	1	1	1	1	1	1	1	1	1	1	1	1	1	1	1	1	1	1	1	1	1	1	1	1	1	1	1	1	1	1	1	1	1	1	1	1	1	1	1	1	1	1	1	1	1	1	1	1	1	1	1	1	0	1	1	1	1	1	1	1	0	1	1	1	0	1	1	1	1	1	1	1	0	1	1	1	0	0	1	0	1	1	1	0	1	0	1	1	1	1	0	1	1	0	0	1	1	0	1	0	0	0	1	1	0	1	0	0	1	1	1	0	0	1	0	1	1	1	1	0	1	1	0	0	0	1
1	1	1	1	1	1	1	1	0	1	0	1	0	0	1	1	0	1	0	0	0	0	0	0	0	1	1	0	1	0	1	1	1	1	0	1	0	0	1	1	1	0	1	0	0	1	1	1	0	1	1	1	1	1	1	1	1	1	1	1	1	1	1	1	1	1	1	1	1	1	1	1	1	1	1	1	1	1	1	1	1	1	1	1	1	1	1	1	1	1	1	1	1	1	0	1	1	1	1	1	1	0	1	1	1	1	0	1	1	1	1	1	1	1	1	1	0	1	1	1	0	1	0	1	1	0	1	1	1	0	0	1	1	1	0	0	0	0	0	1	1	0	0	0	1	0	1	0	0	1	1	0	0	0	1	0	1	0	0	0	1	1	0	0	1	0	0	0	1	1	0	1	0	1	1	0	0	0	1	1	0	0	0	0
