JAlara	PrAI	una	nodsa	uwpanna	nodsa	nodoM	ki	kie	kI	para	kA	uwpanna	gae	jAnakArI	kiyA	trEka	najara	nodsa	raKawA	kI	gayA	para	raKawI	jAnakArI	najZara	hE	jo	kI	raKawA	uwpanna	hE	trEka	kie	raKawA	lekina	gae	hE	aBI	hEM	Koja	lekina	kI	,	lekina	aBI	lekina	aBI	kI	jAnI	Koja	unakA	bAkI	hE	KojA	aBI	Koje	kI	pawA	jAne	jAnA	KojA	hE	.	jAnI	bAkI	lagAnA	jAnA	.	hE}	.	hE
1	0	1	1	1	1	0	0	1	1	0	0	1	1	1	0	0	0	1	1	1	0	0	0	1	0	1	1	1	1	1	1	0	1	1	1	1	1	1	1	1	1	1	0	1	1	1	1	1	1	1	0	0	1	0	1	0	1	0	0	0	0	1	1	1	0	0	0	1	0	1	1
1	0	1	1	1	1	0	0	1	1	0	0	1	1	1	0	0	0	1	1	1	0	0	0	1	0	1	1	1	1	1	1	0	1	1	1	1	1	1	1	0	1	1	0	1	1	1	1	1	0	0	0	1	1	1	1	0	1	0	0	1	1	1	1	0	1	0	1	1	0	1	1
1	0	0	1	1	1	0	0	1	1	0	0	1	1	1	0	0	0	1	1	1	0	0	0	1	0	1	0	1	1	1	1	0	1	1	1	1	1	1	0	1	1	1	0	1	1	1	1	1	1	1	0	1	1	0	1	0	1	0	0	0	0	1	1	1	1	0	0	1	0	1	1
1	0	0	1	1	1	0	0	1	1	0	0	1	1	1	0	0	0	1	1	1	0	0	0	1	0	1	0	1	1	1	1	0	1	1	1	1	1	1	0	1	1	1	0	1	1	1	1	1	1	1	0	0	1	0	1	0	1	0	0	0	0	1	1	1	0	0	0	1	0	1	1
1	0	1	1	1	1	0	0	1	0	1	0	1	1	0	0	0	1	1	0	0	0	1	1	0	0	1	1	0	0	1	1	0	1	0	1	1	1	1	1	0	1	0	0	1	1	1	1	0	0	0	0	1	1	1	1	0	0	0	0	1	1	1	1	0	1	0	1	1	0	1	1
1	0	0	1	1	1	0	0	1	1	1	0	1	1	0	0	0	0	1	1	1	0	1	0	0	1	1	0	1	1	1	1	0	1	1	1	1	1	1	0	1	1	1	0	1	1	1	1	1	1	1	0	1	1	0	1	0	1	0	0	0	0	1	1	1	1	0	0	1	0	1	1
1	0	0	1	1	1	0	1	0	1	0	0	1	0	0	1	1	0	1	1	1	1	0	0	0	0	1	0	1	1	1	1	1	0	1	1	0	1	1	0	1	1	1	0	1	1	1	1	1	1	1	0	0	1	0	1	0	1	0	0	0	0	1	1	1	0	0	0	1	0	1	1
0	1	1	1	1	1	0	0	1	0	0	1	1	1	0	0	1	0	1	1	0	0	0	0	0	0	1	1	0	1	1	1	1	1	1	1	1	1	1	1	0	1	0	0	1	1	1	1	0	0	0	1	1	1	0	1	0	0	1	0	0	0	1	1	0	1	1	0	1	0	1	1
1	0	1	1	1	1	0	0	1	1	0	0	1	1	1	0	0	0	1	1	1	0	0	0	1	0	1	1	1	1	1	1	0	1	1	1	1	1	1	1	0	1	1	0	1	1	1	1	1	0	0	0	1	1	0	1	1	1	0	1	0	0	1	1	0	1	0	0	1	0	1	1
1	0	1	1	1	1	0	0	1	1	0	0	1	1	1	0	0	0	1	1	1	0	0	0	1	0	1	1	1	1	1	1	0	1	1	1	1	1	1	1	0	1	1	1	1	1	1	1	1	0	0	0	1	1	1	1	0	1	0	0	1	1	1	1	0	1	0	1	1	0	1	1
1	0	1	0	1	0	1	0	1	0	0	1	1	1	0	0	1	0	0	1	0	0	0	0	0	0	1	1	0	1	1	1	1	1	1	1	1	1	1	1	0	1	0	0	1	1	1	1	0	0	0	0	1	1	1	1	0	0	0	0	1	1	1	1	0	1	0	1	1	0	1	1
