samAna	ekasamAna	eka	samAna	lAgawa	Koja	lAgawa	kI	meM	meM	Koja	nae	nava	meM	nae	uwpanna	uwpanna	nava	sqjiwa	nae	nodsa	nodsa	janiwa	uwpanna	ko	ko	nodsa	unake	unake	ko	apane	paWa	paWa	mArga	unake	lAgawa	lAgawa}	lAgawa	ke	anusAra	anusAra	opena	ke	opIena	anusAra	opena	meM	meM}	raKA	meM	dAla	jAwA	jAwA	rahe	raKA	hE	hE	jAwA	hEM	.	.	hE
1	0	0	1	1	1	1	0	1	1	1	0	1	1	0	1	1	1	0	0	1	1	0	1	1	1	1	1	1	1	0	1	1	0	1	1	0	1	1	1	1	0	1	1	1	0	1	0	1	1	0	1	1	0	1	1	1	1	0	1	1	1
1	0	0	1	1	1	1	0	1	1	1	1	0	1	1	1	1	0	0	1	1	1	0	1	1	1	1	1	1	1	0	1	1	0	1	1	0	1	1	1	1	0	1	1	1	0	1	0	1	1	0	1	1	0	1	1	1	1	0	1	1	1
1	0	0	1	1	1	1	0	1	1	1	0	1	1	0	0	0	1	1	0	1	1	0	0	1	1	1	1	1	1	0	1	1	0	1	1	0	1	1	1	1	0	1	1	1	0	1	0	1	1	0	1	1	0	1	1	1	1	0	1	1	1
0	1	0	0	1	0	1	0	1	1	0	1	0	1	1	1	1	0	0	1	1	1	0	1	1	1	1	1	1	1	0	1	1	0	1	1	0	1	1	1	1	1	1	0	1	1	1	0	1	1	0	1	1	0	1	1	1	1	0	1	1	1
1	0	0	1	1	0	1	0	1	1	0	1	0	1	1	1	1	0	0	1	1	1	0	1	1	1	1	1	1	1	0	1	1	0	1	1	0	1	1	1	1	1	1	0	1	1	1	0	1	1	0	1	1	0	1	1	1	1	0	1	1	1
0	1	0	0	1	1	1	0	1	1	1	0	1	1	0	1	1	1	0	0	1	1	0	1	1	1	1	1	1	1	0	1	1	0	1	1	0	1	1	1	1	1	1	0	1	1	1	0	1	1	0	1	1	0	1	1	1	1	0	1	1	1
1	0	0	1	1	1	1	1	1	1	1	0	1	1	0	1	1	1	0	0	1	1	0	1	1	1	1	1	1	1	0	1	1	0	1	1	0	1	1	1	1	0	1	1	1	0	1	0	1	1	0	1	1	0	1	1	1	1	0	1	1	1
1	0	0	1	1	1	1	1	1	1	1	0	1	1	0	1	1	1	0	0	1	1	0	1	1	1	1	1	1	1	0	1	1	0	1	1	0	1	1	1	1	0	1	0	1	0	1	0	1	1	0	1	1	0	1	1	1	1	0	1	1	1
1	0	0	1	1	1	1	1	1	1	1	0	1	1	0	0	0	1	0	0	1	1	1	0	1	1	1	1	1	1	0	1	1	0	1	1	0	1	1	1	1	0	1	1	1	0	1	0	1	1	0	1	1	0	1	1	1	1	0	1	1	1
1	0	1	1	1	1	1	0	1	1	1	1	0	1	1	1	1	0	0	1	1	1	0	1	0	0	1	0	0	0	1	1	1	0	0	1	0	1	1	1	1	1	1	0	1	1	1	0	0	1	1	0	0	1	0	0	0	0	1	1	1	0
0	1	0	0	1	1	1	0	1	1	1	1	0	1	1	1	1	0	0	1	1	1	0	1	1	1	1	1	1	1	0	0	0	1	1	1	0	1	1	1	1	1	1	0	1	1	1	0	1	1	0	1	1	0	1	1	1	1	0	1	1	1
1	0	0	1	1	1	1	0	1	1	1	1	0	1	1	1	1	0	0	1	1	1	0	1	1	1	1	1	1	1	0	1	1	0	1	1	0	1	1	1	1	1	1	0	1	1	1	0	1	1	0	1	1	0	1	1	1	1	0	1	1	1
1	0	0	1	1	1	1	0	1	1	1	1	0	1	1	1	1	0	0	1	1	1	0	1	1	1	1	0	0	1	1	1	1	0	0	1	0	1	1	1	1	1	1	0	1	1	1	0	1	1	0	1	1	0	1	1	1	1	0	1	1	1
