kAryoM	kArya	viSiRta	prakAra	kI	viSiRta	ke	reMja	SreNI	kAryoM	kA	aXyayana	karawe	samaya	,	jise	jisase	jinheM	pUrA	hama	karane	karane	niRpAxana	ke	ke	kI	lie	lie	hama	apekRA	eka	raKawe	hama	jFAnavAna	aBimAnI	akRama	nOSalika	nORaXIya	""""	aBijFAnI	aBiprAya	anwarARtrIya	ajFAwa	hEM	ikAI	ikAI	aMwarnihiwa	,	kI	apekRA	kI	avayava	hameM	ummIxa>>	kara	kI	sAmAnya	sakawe	sakawe	apekRA	aswiwva	hEM	,	""""	kara	hEM	,}	hEM	waWA	kAryasWAna	hameM	kampana>>	-	waWA	hameM	mahawvapUrNa	ke	kAryoM	ikAI	sWAna	sWAna	plesa	""""	sAWa	waWA	kAryoM	xonoM	viSeRajFa	kAryoM	vAswavika	-	Ora	para	viSeRajFa	Ora	sAWa	sWAna	kAryoM	xonoM	viSeRajFa	vicAra	viSeRajFa	""""	kAryoM	karanA	para	kAryoM}	xonoM	karane	viSeRajFa	vicAra	para	.	para	BI	karane	kI	kAryoM	vicAra	xonoM	kI	karane	vicAra	AvaSyakawA	karane	para	kI	AvaSyakawA	hE	kI}	AvaSyakawA	karanA	.	hE	hE	hogA	.	.
1	0	1	0	1	1	1	1	0	1	1	1	1	1	1	1	0	0	0	1	1	1	0	1	1	1	1	1	1	0	1	0	1	0	1	0	0	0	0	0	0	0	0	1	1	1	0	1	1	0	1	0	1	0	1	1	0	1	1	0	0	1	1	0	1	1	0	1	0	0	1	0	1	0	1	0	1	1	1	1	1	0	0	0	0	1	1	1	1	0	1	1	1	1	1	0	1	1	1	1	1	1	0	1	0	1	0	1	1	1	1	1	1	1	0	1	1	1	1	1	1	1	1	1	1	1	1	1	1	0	1	0	1	1	1	0	1	1
1	0	1	0	1	1	1	1	0	1	1	1	1	1	1	1	0	0	0	1	1	1	0	1	1	1	1	1	1	1	1	0	1	0	0	0	0	1	0	0	0	0	0	1	1	1	0	1	1	1	1	0	1	0	1	1	0	1	1	1	0	1	1	0	1	1	0	1	0	0	1	0	0	0	1	0	1	1	1	0	0	0	0	0	0	1	1	1	1	0	0	1	1	1	1	0	0	1	1	1	1	1	0	1	0	1	0	1	1	1	1	1	1	1	0	1	1	1	1	1	1	1	1	1	1	1	1	1	1	0	1	0	1	1	1	0	1	1
1	1	1	0	1	1	1	0	1	1	1	1	1	1	1	1	0	0	0	1	1	1	0	1	1	1	1	1	1	0	1	0	1	0	0	0	1	0	0	0	0	0	0	1	1	1	0	1	1	0	1	0	1	0	1	1	0	1	1	0	0	1	1	0	1	1	0	1	0	0	1	0	1	0	1	0	1	1	1	1	1	0	0	0	0	1	1	1	1	0	1	1	1	1	1	0	1	1	1	1	1	1	0	1	0	1	0	1	1	1	1	1	1	1	0	1	1	1	1	1	1	1	1	1	1	1	1	1	1	0	1	0	1	1	1	0	1	1
1	1	1	0	1	1	1	1	0	1	1	1	1	1	1	1	0	0	0	1	1	1	0	1	1	1	1	1	1	1	1	0	1	0	1	0	0	0	0	0	0	0	0	1	1	1	0	1	1	1	1	0	1	0	1	1	0	1	1	1	0	1	1	0	1	1	0	1	0	0	1	0	1	0	1	0	1	1	1	0	0	1	0	0	0	1	1	1	1	0	1	1	1	1	1	0	0	1	1	1	1	1	0	1	0	1	0	1	1	1	1	1	1	1	0	1	1	1	1	1	1	1	1	1	1	1	1	1	1	0	1	0	1	1	1	0	1	1
1	1	1	0	1	1	1	0	1	1	1	1	1	1	1	1	0	0	0	1	1	1	0	1	1	1	1	1	1	0	1	0	1	0	0	0	0	0	0	0	0	1	0	1	1	1	0	1	1	0	1	0	1	0	1	1	0	1	1	0	0	1	1	0	1	1	0	1	1	0	1	0	0	1	1	1	1	1	1	1	1	0	0	0	1	1	0	1	1	0	0	0	1	1	0	0	1	1	0	1	1	1	0	1	0	1	0	0	1	1	1	1	1	1	0	1	1	1	1	0	1	1	1	1	1	1	1	1	1	0	1	0	1	1	1	0	1	1
1	1	1	0	1	1	1	0	1	1	1	1	1	1	1	1	0	0	0	1	1	1	0	1	1	1	1	1	1	0	1	0	1	0	0	1	0	0	0	0	0	0	0	1	1	1	0	1	1	0	1	0	1	0	1	1	0	1	1	0	0	1	1	0	1	1	0	1	0	0	1	0	0	0	1	1	1	1	1	1	1	0	0	0	0	1	1	1	1	0	0	1	1	1	1	0	1	1	1	1	1	1	0	1	0	1	0	1	1	1	1	1	1	1	0	1	1	1	1	1	1	1	1	1	1	1	1	1	1	0	1	0	1	1	1	0	1	1
1	1	1	0	1	1	1	0	1	1	1	1	1	1	1	1	0	0	0	1	1	1	0	1	1	1	1	1	1	0	1	0	1	0	0	0	0	0	0	0	1	0	0	1	1	1	0	1	1	0	1	0	1	0	1	1	0	1	1	0	0	1	1	0	1	1	0	1	0	0	1	0	0	0	1	1	1	1	1	1	1	0	0	0	0	1	1	1	1	0	0	1	1	1	1	0	1	1	1	1	1	1	0	1	0	1	0	1	1	1	1	1	1	1	0	1	1	1	1	1	1	1	1	1	1	1	1	1	1	0	1	0	1	1	1	0	1	1
1	1	1	0	1	1	1	0	1	1	1	1	1	1	1	1	0	0	0	1	1	1	0	1	1	1	1	1	1	0	1	0	1	0	0	0	0	0	0	1	0	0	0	1	1	1	0	1	1	0	1	0	1	0	1	1	0	1	1	0	0	1	1	0	1	1	0	1	0	0	1	0	0	0	1	1	1	1	1	0	0	0	0	0	0	1	1	1	1	0	0	1	1	1	1	0	0	1	1	1	1	1	0	1	0	1	0	1	1	1	1	1	1	1	0	1	1	1	1	1	1	1	1	1	1	1	1	1	1	0	1	0	1	1	1	0	1	1
1	1	1	0	1	1	1	0	1	1	1	1	1	1	1	1	0	0	0	1	1	1	0	1	1	1	1	1	1	0	1	0	1	0	0	0	0	0	0	1	0	0	0	1	1	1	0	1	1	0	1	0	1	0	1	1	0	1	1	0	0	1	1	0	1	1	0	1	0	0	1	0	0	0	1	1	1	1	1	1	1	0	0	0	0	1	1	1	1	0	0	1	1	1	1	0	1	1	1	1	1	1	0	1	0	1	0	1	1	1	1	1	1	1	0	1	1	1	1	1	1	1	1	1	1	1	1	1	1	0	1	0	1	1	1	0	1	1
1	1	1	0	1	1	1	0	1	1	1	1	1	1	1	1	0	0	0	1	1	1	0	1	1	1	1	1	1	0	1	0	1	0	0	0	0	0	0	1	0	0	0	1	1	1	0	1	1	0	1	0	1	0	1	1	0	1	1	0	0	1	1	0	1	1	0	1	0	0	1	0	0	0	1	1	1	1	1	1	1	0	0	0	0	1	1	1	1	0	0	1	1	1	1	0	1	1	1	1	1	1	0	1	0	1	0	1	1	1	1	1	1	1	0	1	1	1	1	1	1	1	1	1	1	1	1	1	1	0	1	0	1	1	1	0	1	1
1	1	1	0	1	1	1	0	1	1	1	1	1	1	1	1	0	0	0	1	1	1	0	1	1	1	1	1	1	1	0	0	1	1	0	0	0	0	0	0	0	0	0	1	1	1	0	1	1	1	1	0	1	0	1	1	0	1	1	1	0	1	1	0	1	1	0	1	0	1	1	0	1	0	1	0	1	1	1	0	0	0	0	1	0	1	0	1	1	0	1	0	1	1	0	1	0	1	0	1	1	1	0	1	0	1	0	0	1	1	1	1	1	1	1	1	1	1	1	0	1	1	1	1	1	1	1	1	1	0	1	0	1	1	1	0	1	1
1	0	1	1	1	1	1	0	0	1	1	1	1	1	1	0	0	1	1	1	1	1	0	1	1	1	1	1	1	1	0	0	1	0	0	0	0	0	0	0	0	0	1	1	1	1	0	1	1	1	1	0	1	0	1	1	0	1	1	1	0	1	1	0	1	1	0	1	1	1	1	0	0	1	1	0	1	1	1	0	0	0	0	0	1	1	1	1	1	0	0	0	1	1	0	0	0	1	1	1	1	1	0	1	0	1	0	1	1	1	1	1	1	1	0	1	1	1	1	1	1	1	1	1	1	1	1	1	1	0	1	0	1	1	1	0	1	1
1	0	1	1	1	1	1	0	0	1	1	1	1	1	1	0	0	1	0	1	1	1	0	1	1	1	1	1	1	1	1	0	1	0	0	0	0	0	1	0	0	0	0	1	0	0	1	1	1	1	1	1	1	0	1	1	0	1	1	1	0	1	1	1	1	1	0	1	1	0	1	0	0	1	1	0	1	1	0	1	1	0	1	0	1	1	1	1	1	1	0	0	1	1	0	0	1	1	1	1	1	1	1	1	1	1	0	1	1	1	1	1	1	1	0	1	1	1	1	1	1	1	1	0	1	1	1	0	0	0	0	1	1	0	0	1	1	1
1	1	1	0	1	1	0	1	0	1	1	1	1	1	1	0	1	0	0	1	0	0	1	0	0	1	0	0	1	1	0	1	1	0	0	0	0	0	1	0	0	0	0	1	0	0	0	1	1	1	1	0	1	0	0	1	1	0	0	1	1	1	1	1	0	1	0	1	1	0	1	0	0	1	1	0	0	1	0	0	0	0	1	0	1	1	1	1	1	0	0	0	1	1	0	0	0	1	1	1	1	1	1	1	1	1	0	1	0	1	1	1	1	1	0	0	1	1	1	1	1	0	1	0	0	1	1	0	0	0	0	1	1	0	0	1	1	1
