nava	navanirmiwa	CLOSED	uwpanna	sqjiwa	janiwa	meM	noda	noda	ko	BI	ko	noda	BI	nodsa	CLOSED	CLOSED	ke	meM	BI	meM	CLOSED	BI	sAWa	BI	nava	meM	nodsa	nodsa	-	janiwa	ke	ke	noda	janiwa	sAWa	sAWa	kI	noda	jAzca	jAzcA	jAzcA	kI	jAzca	jAwA	jAwA	kI	jAwI	hE	jAwI	hE	,	,	hE	Ora	Ora	,	ise	yaha	ise	Ora	opIna	OPEN	yaxi	opIena	OPEN	saMgawa	yaha	opena	meM	opIna	waxanurUpa	meM}	CLOSED	jAwA	meM	raKA	jAwA	hE	meM	raKA	hE}	yaxi	isI	agara	hE	pAI	waxanurUpa	agara	CLOSED	saMgawa	sWiwi	jA	sWiwi	ko	isI	meM	sakawI	CLOSED}	meM}	nahIM	ise	meM	pAI	pAyA	nahIM	opIena	opena	jA	meM	pAyA	sakawI	jA	sakawA	raKA	hE}	.	hE
1	0	1	1	0	0	1	1	1	1	1	1	1	1	1	1	1	1	1	1	1	1	1	1	1	1	1	1	1	0	0	1	1	1	0	1	1	0	1	0	1	1	0	0	1	1	0	0	1	0	1	1	1	1	1	1	1	0	1	0	1	0	0	1	1	0	0	1	0	1	0	1	0	1	1	1	1	1	1	1	1	0	1	0	0	1	1	1	0	1	0	1	1	1	1	0	1	1	0	0	1	0	1	1	0	1	1	0	1	1	0	1	1	0	1	0	1	1
1	0	1	0	1	0	1	1	1	1	1	1	1	1	1	1	1	1	1	1	1	1	1	1	1	1	1	1	1	0	0	1	1	1	0	1	1	0	1	0	1	1	0	0	1	1	0	0	1	0	1	1	1	1	1	1	1	1	0	1	1	0	0	1	1	0	0	0	0	1	0	1	0	1	1	1	1	1	1	1	1	0	1	0	0	1	1	1	0	1	0	1	1	1	1	0	1	1	0	0	1	1	1	1	0	1	1	0	1	1	0	1	1	0	1	0	1	1
1	0	1	1	0	0	1	1	1	1	1	1	1	1	1	1	1	1	1	1	1	1	1	1	1	1	1	1	1	0	0	1	1	1	0	1	1	0	1	0	1	1	0	0	1	1	0	0	1	0	1	1	1	1	1	1	1	1	0	1	1	0	0	1	1	0	0	0	0	1	0	1	0	1	1	1	1	1	1	1	1	0	1	0	0	1	1	1	0	1	0	1	1	1	1	0	1	1	0	0	1	1	1	1	0	1	1	0	1	1	0	1	1	0	1	0	1	1
1	0	1	1	0	0	1	1	1	0	1	0	1	1	1	1	1	1	1	1	1	1	1	1	1	1	1	1	1	0	0	1	1	1	0	1	1	1	1	1	0	0	1	1	1	1	1	1	1	1	1	1	1	1	1	1	1	0	1	0	1	1	0	0	0	0	1	1	0	1	1	0	0	1	1	1	1	1	1	1	1	0	0	0	1	1	0	0	1	1	1	1	1	1	0	0	1	0	0	0	1	0	1	0	1	1	0	0	1	1	1	0	1	1	1	0	1	1
1	0	1	1	0	0	1	1	1	0	1	0	1	1	1	1	1	1	1	1	1	1	1	1	1	1	1	1	1	0	0	1	1	1	0	1	1	1	1	1	0	0	1	1	1	1	1	1	1	1	1	1	1	1	1	1	1	0	1	0	1	0	0	0	0	0	1	1	1	1	0	0	0	1	1	1	1	1	1	1	1	0	0	0	1	1	0	0	1	1	1	1	1	1	0	0	1	0	0	0	1	0	1	0	1	1	0	1	1	1	1	0	1	1	1	0	1	1
1	0	1	0	0	1	1	1	1	0	1	0	1	1	1	1	1	1	1	1	1	1	1	1	1	1	1	1	1	0	1	1	1	1	1	1	1	1	1	1	0	0	1	1	1	1	1	1	1	1	1	1	1	1	1	1	1	0	1	0	1	0	0	0	0	0	1	1	1	1	0	0	0	1	1	1	1	1	1	1	1	0	0	0	1	1	0	0	1	1	1	1	1	1	0	0	1	0	0	0	1	0	1	0	1	1	0	1	1	1	1	0	1	1	1	0	1	1
1	0	1	0	0	1	1	1	1	1	1	1	1	1	1	1	1	1	1	1	1	1	1	1	1	1	1	1	1	0	1	1	1	1	1	1	1	0	1	0	1	1	0	0	1	1	0	0	1	0	1	1	1	1	1	1	1	1	0	1	1	0	0	1	1	0	1	0	0	1	0	0	0	1	1	1	1	1	1	1	1	0	1	0	0	1	1	0	0	1	1	1	1	1	1	0	1	1	0	0	1	1	1	1	0	1	1	0	1	1	0	1	1	0	1	0	1	1
1	0	1	0	0	1	1	1	1	0	1	0	1	1	1	1	1	1	1	1	1	1	1	1	1	1	1	1	1	0	1	1	1	1	1	1	1	1	1	1	0	0	1	1	1	1	1	1	1	1	1	1	1	1	1	1	1	0	1	0	1	0	0	0	0	0	0	1	1	1	0	1	0	1	1	1	1	1	1	1	1	0	0	0	1	1	0	1	1	1	0	1	1	1	0	0	1	0	0	0	1	0	1	0	1	1	0	1	1	1	1	0	1	1	1	0	1	1
1	0	1	0	0	1	1	1	1	1	1	1	1	1	1	1	1	1	1	1	1	1	1	1	1	1	1	1	1	0	1	1	1	1	1	1	1	0	1	0	1	1	0	0	1	1	0	0	1	0	1	1	1	1	1	1	1	1	0	1	1	0	0	1	0	0	1	0	1	1	0	0	0	1	1	1	1	1	1	1	1	0	1	0	0	1	1	0	0	1	1	1	1	1	1	0	1	1	0	0	1	1	1	1	0	1	0	1	1	1	0	1	1	0	1	0	1	1
0	1	1	0	0	0	1	1	1	1	1	1	1	1	1	1	1	1	1	1	1	1	1	1	1	0	1	1	1	0	0	1	1	1	0	1	1	0	1	0	1	1	0	0	1	1	0	0	1	0	1	1	1	1	1	1	1	1	0	1	1	1	0	1	0	0	0	0	0	1	1	0	0	1	1	1	1	1	1	1	1	0	1	1	0	1	0	0	0	1	0	1	1	1	1	1	1	0	0	0	1	1	1	0	1	1	0	0	1	1	1	0	1	1	1	0	1	1
1	0	1	0	0	1	1	1	1	0	1	0	1	1	1	1	1	1	1	1	1	1	1	1	1	1	1	1	1	1	1	1	1	1	1	1	1	0	1	0	1	1	0	0	1	1	0	0	1	0	1	1	1	1	1	1	1	1	0	1	1	0	1	1	0	1	0	0	0	1	0	0	0	1	1	1	1	1	1	1	1	0	1	0	0	1	1	0	0	1	0	1	1	1	0	0	1	1	0	0	1	1	1	1	0	1	0	0	1	1	0	1	1	0	1	0	1	1
1	0	1	0	0	1	1	1	1	1	1	1	1	1	1	1	1	1	1	1	1	1	1	1	1	1	1	1	1	0	1	1	1	1	1	1	1	0	1	0	1	1	0	0	1	1	0	0	1	0	1	1	1	1	1	1	1	1	0	1	1	0	1	1	0	1	0	0	0	1	0	0	0	1	1	1	1	1	1	1	1	0	1	1	0	1	0	0	0	1	0	1	1	1	1	1	1	0	0	0	1	1	1	0	1	1	0	0	1	1	1	0	1	1	1	0	1	1
1	0	1	0	0	1	1	1	1	0	1	0	1	1	0	1	1	1	1	1	1	1	1	1	1	1	1	0	0	0	1	1	1	1	1	1	1	1	1	1	0	0	1	1	1	1	1	1	1	1	1	1	1	1	1	1	1	0	1	0	1	0	1	0	0	1	0	1	0	1	0	0	0	1	1	1	1	1	1	1	1	0	0	1	1	1	0	0	1	1	0	0	1	0	0	1	1	0	0	0	1	0	1	0	1	1	0	0	1	1	1	0	1	1	1	0	1	1
