uxAharaNa	isa	anuprayukwa	prakAra	eAI	ke	lie	kA	kI	,	uxxeSya	surakRA	""""	vyAvasAyika	praNAlI	vANijyika	surakRA	vANijyika	praNAlI	rUpa	ko	uwpAxana	,	pahacAnane	se	karane	vyavahArya	ke	jo	meM	'smArta	lie	'	viSeRa	sakRama	'	ssmart	jisa	rUpa	logoM	prakAra	praNAliyoM	'	se	ko	praNAlI	jEse	nirmANa	kA	kI	surakRA	karane	,	kA	uwpAxana	pahacAnane	uxxeSya	praxAna>>	karane	ko	ke	praNAlI	karanA	meM	lie	,	hE	uxxeSya	praveSa	jEse	lie	,	ke	pahacAnane	anumawi	hE	se	uxxeSya	xie	ki	karane	,	jEse	kI	se	uxAharaNa	gae	surakRA	eka	viSeRa	anumawi	kI	jo	,	surakRA	ceharoM	praNAlI	ke	xI	viSeRa	rUpa	anumawi	viSeRa	,	lie	praNAlI	xI	ko	gaI	jAwI	se	rUpa	rUpa	surakRA	kA	jAwI	,	se	jo	hE	pahacAnane	se	praNAlI	imArawa	usI	viSeRa	uwpAxana	eka	,	hE	kI	surakRA	rUpa	usI	banAne	karanA	prakAra	anumawi	.	hE	praxAna>>	karane	surakRA	ceharoM	imArawa	lie	vAle	jo	kI	hE	cehare	ke}	uxxeSya	ko	logoM	viSeRa	xie	ke	imArawa	praNAlI	una	pahacAnane	se	ke	gae	logoM	banAne	Bavana	lie	ko	pahacAnane	kI	,	ke	meM	ceharoM	pahacAnane	anumawi	kI	cehare	jo	praveSa	xie	ko	lie	xI	anumawi	kI	cehare	cehare	jisa	xI	,	gae	kI	.	anumawi	pahacAnane	ko	xI	meM	ceharoM	prakAra	""""	anumawi	kI	.	pahacAnane	vANijyika	prApwa	ko	jAwI	sakRama	anumawi	kI	logoM	pahacAnane	uwpAxana	surakRA	kI	hE	xewA	praNAlI	karane	kI	jinheM	ke	anumawi	hE	.	xewA	ko	anumawi	kisI	eka	meM	ceharoM	cehare	.	hE	pahacAnane	xewA	ko	sakRama	viSeRa	.	hE	Bavana	pahacAnane	kI	logoM	imArawa
1	0	0	0	0	1	1	0	1	1	1	1	1	0	0	1	1	1	0	1	1	1	1	1	1	1	0	1	1	1	0	1	0	1	1	0	0	0	1	1	0	0	0	1	1	0	0	0	0	1	1	1	1	0	1	1	1	0	1	1	1	0	0	1	1	1	1	1	0	0	1	1	1	1	1	1	1	1	0	0	1	1	0	1	1	1	0	1	0	1	1	1	1	1	1	0	0	1	0	1	1	1	1	1	1	0	0	1	0	0	1	1	1	1	0	0	1	1	1	1	1	1	0	0	0	1	1	0	1	1	1	1	1	0	0	0	0	1	1	1	0	1	1	0	0	1	0	1	1	1	1	0	1	1	1	1	0	1	0	0	0	1	1	1	0	1	0	0	1	1	1	1	1	1	1	0	1	1	1	1	1	0	0	1	1	0	1	1	1	1	0	0	1	0	1	1	1	1	1	0	1	0	0	1	1	1	1	1	1	0	1	0	1	1	1	1	1	1	1	1	1	1	0	1	1	0	1	1	1	1	1	1	1	0	0	1	0	1	1	1	1	1	1	1	1	1	1	0	1	1	1	0
1	0	0	0	0	1	1	0	1	1	1	1	1	0	1	1	1	1	1	1	1	1	1	1	1	1	0	1	0	1	0	1	0	1	1	0	0	0	1	1	0	0	0	1	1	1	0	0	0	1	1	1	1	0	1	1	1	0	1	1	1	1	0	1	1	1	1	1	0	0	1	1	1	1	1	1	1	1	0	1	1	1	0	1	1	1	0	1	0	1	1	1	0	1	1	1	1	1	1	1	1	1	1	1	1	1	1	1	0	0	1	1	1	1	0	0	1	1	0	1	1	1	1	1	0	1	1	0	1	1	1	1	1	0	1	0	0	1	1	1	0	1	1	1	1	1	0	0	1	1	0	0	1	1	1	1	0	1	1	1	0	1	1	1	0	1	1	0	1	1	1	1	1	1	1	1	1	1	1	0	0	0	0	1	1	1	1	1	0	0	0	1	1	0	1	1	1	1	1	1	1	1	0	1	1	1	1	1	1	0	1	0	1	1	1	1	1	1	1	1	1	0	1	1	1	0	1	1	1	1	0	1	1	0	0	1	1	0	1	1	1	0	1	1	1	1	1	0	1	1	1	1
1	0	0	0	0	1	1	0	1	1	1	1	1	0	1	1	1	1	1	1	1	1	1	1	1	1	0	1	1	1	0	1	0	1	1	0	0	0	1	1	0	0	0	1	1	1	0	1	0	1	1	1	1	0	1	1	1	0	1	1	1	1	0	1	1	1	0	1	0	0	1	1	1	1	1	0	1	1	1	0	1	1	0	1	1	1	1	1	0	1	1	1	1	1	1	1	1	1	0	1	1	1	1	1	1	1	0	1	0	0	1	1	1	1	0	0	1	1	1	0	1	1	1	0	0	1	1	0	1	0	1	1	1	0	0	0	0	1	1	0	0	1	1	1	0	1	1	1	1	0	0	0	1	1	1	1	1	1	0	1	0	1	1	1	1	1	0	0	1	1	1	1	1	1	1	1	1	1	1	0	1	0	1	1	1	0	1	1	0	0	0	0	1	1	1	1	1	1	1	0	1	1	0	1	1	1	1	1	1	0	1	0	1	1	1	1	1	1	1	1	0	0	1	1	1	0	1	1	0	1	0	1	1	0	0	1	1	0	1	0	1	0	1	1	1	1	0	0	1	1	1	0
1	0	0	0	0	1	1	0	1	1	0	1	1	0	1	1	1	1	1	0	1	1	1	0	0	1	0	1	0	1	0	1	0	0	1	0	0	0	0	1	0	0	0	0	1	1	0	0	0	1	1	1	1	0	1	0	0	0	1	1	1	1	0	1	1	1	1	0	1	0	1	1	1	0	1	1	0	0	0	0	1	1	0	1	0	1	0	1	0	0	1	1	0	1	1	0	1	1	1	0	0	1	0	1	1	1	1	1	0	1	0	0	0	1	0	1	1	0	0	1	0	0	1	0	0	0	1	0	1	1	1	1	0	0	0	0	0	1	1	1	0	1	1	0	0	1	0	0	1	1	0	0	0	1	1	0	0	1	0	1	0	0	0	1	0	1	0	0	1	1	0	1	1	1	1	0	0	1	1	0	0	1	0	1	1	1	1	1	0	0	0	1	1	0	1	1	1	0	1	1	1	0	0	1	1	1	1	0	1	0	1	1	1	1	1	1	0	1	1	1	1	0	1	1	1	0	1	1	1	1	0	1	1	0	0	1	0	0	1	1	0	0	1	1	0	1	1	0	0	1	1	0
1	0	0	0	0	1	1	1	1	1	1	1	1	0	1	1	1	1	1	1	1	1	1	1	1	1	0	1	1	1	0	1	0	1	1	0	0	0	1	1	0	0	0	1	1	1	1	0	1	1	1	1	1	1	1	1	1	0	1	1	1	1	0	1	1	1	1	1	0	1	1	1	1	1	1	1	1	1	1	1	1	1	1	1	1	1	1	1	0	1	1	1	1	1	1	1	1	1	0	1	1	1	1	1	1	1	0	1	0	0	1	1	1	1	1	0	1	1	1	1	1	1	1	1	0	1	1	0	1	1	1	1	1	0	1	0	0	1	1	1	0	1	1	1	1	1	0	1	1	1	0	0	1	1	1	1	1	1	1	1	0	1	1	1	1	1	1	0	1	1	1	1	1	1	1	1	1	1	1	0	1	0	1	1	1	0	1	1	0	0	0	0	1	1	1	1	1	1	1	0	1	1	0	1	1	1	1	1	1	0	1	0	1	1	1	1	1	1	1	1	1	1	1	1	1	0	1	1	1	1	1	1	1	0	0	1	1	0	1	1	1	1	1	1	1	1	1	0	1	1	1	1
1	0	0	0	0	1	1	1	1	1	1	1	1	0	1	1	1	1	1	1	1	1	1	1	1	1	0	1	1	1	0	1	0	1	1	0	0	0	1	1	0	0	0	1	1	1	0	0	1	1	1	1	1	1	1	1	1	0	1	1	1	1	0	1	1	1	1	1	0	0	1	1	1	1	1	1	1	1	1	0	1	1	0	1	1	1	1	1	0	1	1	1	1	1	1	1	1	1	0	1	1	1	1	1	1	1	0	1	0	0	1	1	1	1	1	0	1	1	1	1	1	1	1	1	0	1	1	0	1	1	1	1	1	0	1	0	0	1	1	1	0	1	1	1	1	1	0	1	1	1	0	0	1	1	1	1	1	1	1	1	0	1	1	1	1	1	1	0	1	1	1	1	1	1	1	1	1	1	1	0	1	0	1	1	1	0	1	1	0	0	0	0	1	1	1	1	1	1	1	0	1	1	0	1	1	1	1	1	1	0	1	0	1	1	1	1	1	1	1	1	1	1	1	1	1	0	1	1	1	1	1	1	1	0	0	1	1	0	1	1	1	1	1	1	1	1	1	0	1	1	1	1
1	0	0	0	0	1	1	0	1	1	1	1	1	0	1	1	1	1	1	1	1	1	1	1	1	1	0	1	0	1	0	1	0	1	1	0	0	0	1	1	0	0	0	1	1	1	0	0	0	1	1	1	1	0	1	1	1	0	1	1	1	1	0	1	1	1	1	1	0	0	1	1	1	1	1	1	1	1	0	1	1	1	0	1	1	1	0	1	0	1	1	1	0	1	1	0	1	1	1	1	1	1	1	1	1	1	1	1	0	0	1	1	1	1	0	0	1	1	0	1	1	1	1	0	0	1	1	0	1	1	1	1	1	0	0	0	0	1	1	1	0	1	1	0	0	1	0	0	1	1	1	0	1	1	1	1	0	1	0	1	0	1	1	1	0	1	0	0	1	1	1	1	1	1	1	0	1	1	1	1	0	0	0	1	1	1	1	1	1	1	0	1	1	0	1	1	1	1	1	1	1	0	0	1	1	1	1	1	1	0	1	0	1	1	1	1	1	1	1	1	1	0	1	1	1	0	1	1	1	1	0	1	1	0	0	1	0	1	1	1	1	0	1	1	1	1	1	0	1	1	1	0
0	1	0	1	0	1	1	0	1	0	0	1	0	0	1	0	1	0	1	0	1	0	0	1	0	0	0	1	0	0	0	1	0	0	0	0	0	1	0	0	1	0	0	0	1	1	0	0	0	1	1	0	0	0	0	1	0	0	0	1	1	1	0	0	1	0	1	0	0	0	1	0	1	1	1	1	0	0	0	0	0	0	0	1	0	0	0	1	0	0	1	1	0	0	1	0	1	1	1	0	0	1	0	0	1	1	1	1	1	0	0	0	0	1	0	0	0	0	0	1	1	0	1	0	1	0	0	0	0	1	1	1	0	1	0	0	1	1	1	1	0	0	1	0	0	1	0	0	1	1	0	0	0	1	0	0	0	1	0	1	0	1	0	1	0	0	0	0	1	1	1	1	0	1	0	0	1	1	1	0	0	0	0	1	1	1	1	1	0	0	1	1	0	0	1	1	1	1	1	1	0	0	1	0	1	1	1	1	0	0	1	0	0	1	1	0	1	0	1	1	1	0	1	0	1	0	1	1	1	1	0	1	1	0	0	0	0	0	1	1	1	0	1	0	0	1	1	0	1	1	0	0
0	1	0	1	0	1	1	0	1	1	0	1	0	0	1	0	1	0	1	0	1	0	1	1	0	0	0	1	0	0	0	1	0	0	0	0	0	1	0	0	1	0	0	0	1	1	0	0	0	1	1	0	1	0	0	1	0	0	0	1	1	1	0	0	1	1	1	0	0	0	1	1	1	1	1	1	0	0	0	0	0	1	0	1	0	0	0	1	0	0	1	1	0	1	1	0	1	1	1	0	0	1	0	1	1	1	1	1	0	1	0	0	0	1	0	1	1	0	0	1	1	0	1	0	1	0	0	0	1	1	1	1	0	1	0	0	1	1	1	1	0	0	1	0	0	1	0	0	1	1	0	0	0	1	0	0	0	1	0	1	0	1	0	1	0	0	0	0	1	1	1	1	1	1	0	0	1	1	1	0	0	0	0	1	1	1	1	1	0	0	1	1	1	0	1	1	1	1	1	1	0	0	1	0	1	1	1	1	0	0	1	1	0	1	1	0	1	0	1	1	1	0	1	0	1	0	1	1	1	1	0	1	1	0	0	0	0	0	1	1	1	0	1	0	0	1	1	0	1	1	0	0
1	0	1	0	1	1	1	1	1	1	1	1	0	0	1	1	1	1	1	1	0	1	1	1	1	1	1	1	1	1	0	1	1	1	1	1	1	0	1	1	0	0	1	1	0	1	0	0	1	1	1	1	1	1	1	1	1	0	1	0	1	1	1	1	1	1	1	1	1	0	1	1	1	1	1	1	1	1	0	0	1	1	0	1	1	1	0	1	1	1	1	1	1	1	1	0	1	1	0	1	1	1	1	1	1	1	0	0	0	0	1	1	1	1	1	0	1	1	1	1	1	1	1	1	0	1	1	1	1	1	1	1	1	0	0	1	0	1	1	1	0	1	1	0	1	1	0	1	1	1	1	0	1	0	1	1	0	1	1	1	1	1	1	1	0	1	0	0	1	0	1	1	1	1	1	0	1	1	1	1	1	1	0	0	1	0	1	1	1	1	0	0	1	0	1	1	1	1	0	0	1	0	0	0	1	1	1	1	1	0	0	0	1	1	1	1	1	1	1	1	1	0	1	1	1	1	1	1	1	1	0	0	1	1	1	1	0	1	1	1	1	0	0	1	1	1	1	0	1	1	1	1
1	0	1	0	1	1	1	1	1	1	1	1	0	1	1	0	1	0	1	1	1	1	1	1	1	0	1	1	1	1	1	1	1	1	1	1	0	0	1	1	0	1	1	1	1	1	1	0	1	1	1	0	1	1	1	1	1	0	0	1	1	1	1	1	1	1	1	1	1	1	1	1	1	1	1	1	1	1	0	0	0	1	1	1	1	1	0	1	1	1	1	1	1	1	1	1	1	1	0	1	1	1	1	1	1	1	0	1	0	0	1	1	1	1	1	0	1	1	1	1	1	1	1	0	0	1	1	1	1	1	1	1	1	0	0	1	0	1	1	1	0	0	1	1	0	1	0	1	1	1	0	0	1	1	1	1	0	1	0	1	0	1	1	1	0	1	0	1	1	1	1	1	1	1	1	1	1	1	1	0	1	1	0	1	1	0	1	1	0	0	0	0	1	0	1	1	1	1	1	0	1	1	0	0	1	1	1	1	0	1	1	0	1	1	1	1	1	1	1	1	1	0	1	0	1	0	1	1	1	1	0	1	1	0	1	1	1	0	1	1	1	0	1	1	1	1	1	1	1	1	1	0
1	0	1	0	1	1	1	1	1	1	1	1	0	1	1	0	1	0	1	1	1	1	1	1	1	0	1	1	1	1	1	1	1	1	1	1	0	0	1	1	0	1	1	1	1	1	1	0	1	1	1	0	1	1	1	1	1	0	0	1	1	1	1	1	1	1	1	1	1	1	1	1	1	1	1	1	1	1	0	0	0	1	1	1	1	1	0	1	1	1	1	1	1	1	1	0	1	1	0	1	1	1	1	1	1	1	0	1	0	0	1	1	1	1	1	0	1	1	1	1	1	1	1	0	0	1	1	1	1	1	1	1	1	0	0	1	0	1	1	1	0	0	1	0	0	1	0	1	1	1	1	0	1	1	1	1	0	1	0	1	0	1	1	1	0	1	0	1	1	1	1	1	1	1	1	0	1	1	1	1	1	1	0	1	1	0	1	1	1	1	0	0	1	0	1	1	1	1	1	0	1	0	0	0	1	1	1	1	0	1	1	0	1	1	1	1	1	1	1	1	1	0	1	0	1	0	1	1	1	1	0	1	1	0	1	1	0	1	1	1	1	0	1	1	1	1	1	1	1	1	1	0
1	0	1	0	1	1	1	1	1	1	1	1	0	1	1	0	1	0	1	1	1	1	1	1	1	0	1	1	1	1	1	1	1	1	1	1	0	0	1	1	0	1	1	1	1	1	1	0	1	1	1	0	1	1	1	1	1	0	0	1	1	1	1	1	1	1	1	1	1	1	1	1	1	1	1	1	1	1	0	0	0	1	1	1	1	1	0	1	1	1	1	1	1	1	1	0	1	1	0	1	1	1	1	1	1	1	0	1	0	0	1	1	1	1	1	0	1	1	1	1	1	1	1	0	0	1	1	1	1	1	1	1	1	0	0	1	0	1	1	1	0	0	1	0	0	1	0	1	1	1	1	0	1	1	1	1	0	1	0	1	1	1	1	1	0	1	0	1	1	1	1	1	1	1	1	0	1	1	1	1	1	1	0	1	1	0	1	1	1	1	0	0	1	0	1	1	1	1	1	0	1	0	0	0	1	1	1	1	0	0	1	0	1	1	1	1	1	1	1	1	1	0	1	0	1	1	1	1	1	1	0	1	1	0	1	1	0	1	1	1	1	0	1	1	1	1	1	1	1	1	1	0
