jeyUsa	jiyUsa	jZyUsa	jInasa	se	yUropA	waka	ke	mOjUxa	eka	eka	varwamAna	hone	wohaPe	hePestasa	wohaPe	varwamAna	ke	ne	ke	eka	wOra	kAraNa	rUpa	telosa	rUpa	para	viSAla	nAmaka	hePestasa	meM	meM	eka	,	hIPestasa	ne	hePestasa	robota	hePestasa	hePZestasa	,	hIPestasa	banAyA	telsa	viSAla	telosa	ne	ne	hePestasa	telsa	eka	telosa	robota	nAmaka	.	telosa	ne	telsa	eka	nAmaka	viSAla	kA	nAmaka	eka	telosa	,	viSAla	nirmANa	robota	eka}	viSAla	eka	telsa	banAyA	kA	.	robota	viSAla	robota	.	nirmANa	kA	kA	robota	kiyA	nirmANa	nirmANa	kA	kiyA	.	kiyA	nirmANa	.	.	kiyA
1	0	0	0	1	1	1	1	0	1	1	0	0	1	1	1	0	1	1	1	1	0	0	1	1	1	0	1	1	1	1	1	1	0	0	1	1	1	1	0	0	0	0	0	1	1	1	1	1	0	1	1	1	1	1	1	1	0	1	1	1	1	1	1	1	0	1	1	1	0	1	1	0	0	1	1	1	1	1	1	1	1	1	1	1	1	1	1	1	1	1	1	1	1	1
1	0	0	0	1	1	1	0	1	1	1	0	0	0	1	0	0	0	1	0	1	0	0	0	1	0	0	1	1	1	0	0	1	0	0	1	1	1	1	0	0	0	0	0	1	1	1	1	1	0	1	1	1	1	1	1	1	0	1	1	1	1	1	1	1	0	1	1	1	0	1	1	0	0	1	1	1	1	1	1	1	1	1	1	1	1	1	1	1	1	1	1	1	1	1
1	0	0	0	1	1	1	1	0	1	1	1	0	0	1	0	1	1	1	1	1	0	0	1	1	1	0	1	0	1	1	1	1	1	0	1	1	1	1	0	1	0	0	0	1	1	1	1	1	0	1	1	1	0	1	1	1	0	1	0	1	1	0	1	1	1	1	1	1	0	1	1	0	0	1	1	1	1	1	1	1	1	1	1	1	1	1	1	1	1	1	1	1	1	1
1	0	0	0	1	1	1	1	1	1	1	0	1	0	1	0	0	1	1	1	1	0	1	0	1	0	0	1	1	1	0	0	1	0	0	1	1	1	1	0	0	0	0	0	1	1	1	1	1	0	1	1	1	1	1	1	1	0	1	1	1	1	1	1	1	0	1	1	1	0	1	1	0	0	1	1	1	1	1	1	1	1	1	1	1	1	1	1	1	1	1	1	1	1	1
1	0	0	0	1	1	1	1	1	1	1	0	1	0	1	0	0	1	1	1	1	0	1	0	0	0	0	1	1	1	0	0	1	0	0	1	1	1	1	0	0	0	1	1	1	0	1	1	1	1	1	0	1	1	1	0	1	1	1	1	1	0	1	1	0	0	1	0	1	0	1	1	1	1	0	1	1	1	1	1	0	0	0	1	0	0	0	0	0	1	0	0	1	1	0
1	0	0	0	1	1	1	1	0	1	1	0	0	1	1	1	0	1	1	1	1	1	0	0	0	0	1	1	0	1	0	0	1	0	0	1	1	1	1	0	0	0	1	0	1	0	1	1	1	0	1	0	1	0	1	0	1	0	1	0	1	0	0	1	0	0	1	0	1	0	1	1	0	1	0	1	1	1	1	1	0	0	0	1	0	0	0	0	0	1	0	0	1	1	0
1	0	0	0	1	1	1	0	1	1	1	0	0	0	1	0	0	0	1	0	1	0	0	0	0	0	0	1	0	1	0	0	1	0	0	1	1	1	1	0	0	0	1	0	1	0	1	1	1	0	1	0	1	0	1	0	1	0	1	0	1	0	0	1	0	0	1	0	1	0	1	1	0	1	0	1	1	1	1	1	0	0	0	1	0	0	0	0	0	1	0	0	1	1	0
0	1	0	0	1	1	1	1	0	1	1	0	0	1	1	1	0	1	1	1	1	0	0	1	1	1	0	1	1	1	1	1	1	0	0	1	1	1	1	0	0	0	0	0	1	1	1	1	1	0	1	1	1	1	1	1	1	0	1	1	1	1	1	1	1	0	1	1	1	0	1	1	0	0	1	1	1	1	1	1	1	1	1	1	1	1	1	1	1	1	1	1	1	1	1
0	0	0	1	1	1	1	1	0	1	1	1	0	0	0	0	1	1	1	1	1	0	0	1	0	1	0	1	1	0	1	1	1	0	1	1	0	1	0	0	0	1	0	1	1	0	1	1	0	1	1	0	1	1	1	0	1	1	1	1	1	1	1	1	0	0	1	1	1	0	1	1	1	0	1	1	1	1	1	1	1	1	1	1	1	1	1	1	1	1	1	1	1	1	1
0	0	1	0	1	1	1	1	0	1	1	1	0	0	0	0	1	1	1	1	1	0	0	1	0	1	0	1	0	0	1	1	1	1	1	1	0	1	0	0	1	1	0	1	1	0	1	1	0	1	1	0	1	0	1	0	1	1	1	0	1	1	0	1	0	1	1	1	1	0	1	1	1	0	1	1	1	1	1	1	1	1	1	1	1	1	1	1	1	1	1	1	1	1	1
0	0	1	0	1	1	1	1	0	1	1	1	0	0	0	0	1	1	1	1	1	0	0	1	0	1	0	1	0	0	1	1	1	1	0	1	0	1	0	1	1	0	0	1	1	0	1	1	0	1	1	0	1	0	1	0	1	1	1	0	1	1	0	1	0	1	1	1	1	0	1	1	1	0	1	1	1	1	1	1	1	1	1	1	1	1	1	1	1	1	1	1	1	1	1
