1991	19vIM	saxI	meM	SawAbxI	joYrja	meM	bUla	bUla	,	joYrja	bUla	joYrja	(	bUla	ne	joYrja	xviAXArI	kA	(	bUla	ne	kA	joYrja	)	xviAXArI	prawiniXiwva	prawiniXiwva	kA	bIjagaNiwa	bUla	ne	karawe	)	xviAXArI	karawe	kA	bIjagaNiwa	prawiniXiwva	ne	vikasiwa	hue	)	hue	prawiniXiwva	vikAsa	kA	karawe	kiyA	xviAXArI	(	(	karawe	vikAsa	prawiniXiwva	hue	vicAraXArA	SawAbxI	kiyA	jo	jo	hue	kiyA	(	karawe	kA	vEcArika	xviAXArI	ki	prawiniXiwva	(	jo	hue	swara	xviAXArI	vicAroM	xviAXArI	suviswqwa	kA	ke	kiyA	vikasiwa	jo	ki	vEcArika	)	vicAroM	xviAXArI	ki	samawulya	prawiniXiwva	.	swara	saxI	prawIka	)	kA}	prawiniXiwva	.	prawIka	hEM	vikasiwa	miSraNa	xviAXArI	huA	)	karawA>>	hE	kA	.	)	prawiniXiwva
1	0	0	1	0	1	1	1	1	0	1	1	1	1	1	0	1	1	1	1	1	0	1	1	1	1	1	1	1	0	1	0	1	1	1	1	1	0	1	0	0	1	1	1	1	0	1	1	0	1	1	1	1	0	1	1	0	0	0	1	1	1	0	1	1	1	0	1	1	1	1	1	1	0	1	1	1	0	1	0	0	0	1	1	0	1	1	1	1	0	1	0	0	0	0	1	0	1	0	0	0	0	0	1	0	1	0	1	1	0	1	1
1	0	0	1	0	1	1	1	1	0	1	1	1	1	1	0	1	1	1	1	1	0	1	1	1	1	1	1	1	0	1	0	1	1	1	1	1	0	1	0	0	1	1	1	1	0	1	1	0	1	1	1	1	0	1	1	1	0	0	1	1	1	0	1	1	1	0	1	1	1	1	1	1	0	1	0	1	0	1	0	0	0	1	1	0	1	0	1	1	0	1	0	0	0	0	1	0	1	0	0	1	0	0	1	0	1	0	0	1	0	1	1
1	0	0	1	0	0	1	1	1	0	0	1	0	1	1	0	0	1	1	1	1	0	1	0	1	1	1	1	1	0	1	0	1	1	1	1	1	0	1	0	0	1	1	1	1	0	1	1	0	1	1	1	1	0	1	1	0	0	0	1	1	1	0	1	1	1	0	1	1	1	1	1	1	0	1	0	1	1	1	0	0	0	1	1	0	1	0	1	1	0	1	0	0	0	0	1	0	1	0	0	0	0	0	1	0	1	0	0	1	0	1	1
1	0	0	1	0	1	1	1	1	0	1	1	1	1	1	0	1	1	1	1	1	0	1	1	1	1	1	1	1	0	1	0	1	1	1	1	1	0	1	0	0	1	1	1	1	0	1	1	0	1	1	1	1	0	1	1	0	0	0	1	1	1	0	1	1	1	0	1	0	1	1	1	1	0	1	1	1	0	1	0	0	0	1	0	0	1	1	1	0	0	1	0	0	0	0	1	0	1	0	0	1	0	0	1	0	1	0	0	1	0	1	1
1	0	0	1	1	1	1	1	1	0	1	1	1	1	1	1	1	1	1	1	1	1	1	1	1	1	1	1	1	0	1	1	0	1	1	0	1	0	1	1	1	0	1	0	1	0	1	0	1	1	1	1	0	0	1	0	0	1	1	0	0	0	1	1	0	1	0	1	0	1	1	0	0	0	1	0	1	0	1	0	1	1	0	0	0	1	0	1	0	0	1	1	0	0	0	1	0	1	1	0	0	1	0	1	0	1	0	0	1	1	1	1
1	0	0	1	0	1	1	1	1	0	1	1	1	1	1	0	1	1	1	1	1	0	1	1	1	1	1	1	1	0	1	0	1	1	1	1	1	0	1	0	1	1	1	1	1	0	1	1	0	1	1	1	1	0	1	1	0	0	0	0	0	1	0	1	1	1	0	1	0	1	1	0	1	0	1	0	1	0	1	0	0	1	0	0	0	1	0	1	0	0	1	1	0	0	0	1	0	1	1	0	0	1	0	1	1	1	0	0	1	1	1	1
1	0	1	1	0	1	1	1	1	0	1	1	1	1	1	0	1	1	1	1	1	0	1	1	1	1	1	1	1	0	1	0	1	1	1	1	1	0	1	0	1	1	1	1	1	0	1	1	0	1	1	1	1	0	1	1	0	0	0	0	0	1	0	1	1	1	0	1	0	1	1	0	1	0	1	0	1	0	1	1	0	1	0	0	0	1	0	1	0	0	1	0	0	1	0	1	0	1	0	0	0	1	0	1	0	1	0	0	1	0	1	1
1	0	0	1	0	1	1	1	1	0	1	1	1	1	1	1	1	1	1	1	1	1	1	1	1	1	1	1	1	0	1	1	0	1	1	0	1	0	1	1	0	0	1	0	1	0	1	0	1	1	1	1	0	0	1	0	1	0	1	0	0	0	1	1	0	1	0	1	0	1	1	0	0	0	1	0	1	0	1	0	1	0	0	0	0	1	0	1	0	0	1	1	0	0	0	1	0	1	1	0	0	0	0	1	0	1	0	0	1	1	1	1
0	1	0	1	1	1	1	1	1	0	1	1	1	1	1	0	1	1	1	1	1	0	1	1	1	1	1	1	1	1	1	0	1	1	1	1	1	1	1	0	1	1	1	1	1	0	1	1	0	1	1	1	1	0	1	1	0	1	0	0	0	1	0	1	1	1	0	1	0	1	1	0	1	0	1	0	1	0	1	0	0	1	0	0	0	1	0	1	0	0	1	0	0	0	0	1	0	1	0	0	0	1	0	1	0	1	0	0	1	0	1	1
0	1	0	1	1	1	1	1	1	0	1	1	1	0	1	1	1	1	1	0	1	1	1	1	0	1	0	0	1	1	1	1	0	0	1	0	1	1	0	1	0	0	0	0	0	1	1	0	1	1	0	0	0	1	0	0	0	1	1	1	1	0	1	0	0	1	0	1	0	0	0	1	0	0	1	1	1	0	1	1	1	0	1	0	0	0	1	1	0	1	0	1	0	0	0	0	0	0	1	0	0	0	0	1	0	0	0	0	1	1	0	0
0	1	0	1	1	1	1	1	1	1	1	1	1	0	1	1	1	1	1	0	1	1	1	1	0	1	0	0	1	1	1	1	0	0	1	0	1	1	0	1	0	0	0	0	0	1	1	0	1	1	0	0	0	1	0	0	0	1	1	1	1	0	1	0	0	1	0	1	1	0	0	1	0	0	1	1	1	0	1	0	1	0	1	1	0	0	1	1	1	0	0	1	0	0	0	0	0	0	1	0	0	0	1	1	0	0	0	0	1	1	0	0
0	1	1	1	0	1	1	1	1	0	1	1	1	0	1	1	1	1	1	0	1	1	1	1	0	1	0	0	1	1	1	1	0	0	1	0	1	1	0	1	1	0	0	0	0	0	1	0	1	1	0	0	0	0	0	0	0	0	1	1	1	0	1	0	0	1	1	1	0	0	0	1	0	1	1	0	1	0	1	0	1	1	1	0	1	0	0	1	0	0	0	1	1	1	1	0	0	0	1	1	0	1	0	1	0	0	0	1	1	1	0	0
0	1	0	1	1	1	1	1	1	1	1	1	1	0	1	1	1	1	1	0	1	1	1	1	0	1	0	0	1	1	1	1	0	0	1	0	1	1	0	1	0	0	0	0	0	1	1	0	1	1	0	0	0	1	0	0	0	1	1	1	1	0	1	0	0	1	1	1	0	0	0	1	0	1	1	0	1	0	1	0	1	0	1	0	1	0	0	1	0	0	0	1	1	0	1	0	0	0	1	1	0	0	0	1	0	0	0	0	1	1	0	0
