1950	meM	tyUriMga	ne	maSIna	maSInarI	saMkramaNa>>	maSInarI	iMtelijeMsa	Ora	eMda	para	buxXi	buxXimawwA	iMtelijeMsa	KuPiyA	eka	para	leKa	eka	liKA	leKa	jisameM	liKA	eAI	jisameM	kI	eAI	saMpUrNa	pUrNa	kI	parikalpanA	xqRti	pUrNa	pUrI	vyakwa	kA	xqRti	kI	kalpanA	ulleKa	kA	gaI	kiyA	kI	vyakwa	WA	ulleKa	kI	WI	gayA	gaI	.	WA	gaI	WI	kiyA	.	.	gayA
1	1	1	1	0	1	0	1	0	1	0	1	1	0	0	0	1	1	1	1	1	1	1	1	1	1	1	1	0	1	1	0	1	1	0	0	1	1	1	0	1	1	0	0	1	0	1	1	1	0	0	0	1	1	0	0	0	1	1	0
1	1	1	1	0	1	0	1	0	1	0	1	1	0	0	0	1	1	1	1	1	1	1	1	1	1	1	1	0	1	1	0	1	1	0	0	1	1	1	0	1	1	0	1	1	0	1	1	1	0	1	0	1	1	0	0	1	1	1	1
1	1	1	1	0	1	0	1	0	1	0	1	0	0	0	1	1	1	1	1	1	1	1	1	1	1	1	1	0	1	1	0	1	1	0	0	1	1	1	0	1	1	0	1	1	0	1	1	1	0	1	0	1	1	0	0	1	1	1	1
1	1	1	1	0	1	0	1	0	1	0	1	1	0	0	0	1	1	1	1	1	1	1	1	1	1	1	1	0	1	1	0	1	1	0	0	1	1	1	0	1	1	0	1	1	0	1	1	1	0	1	0	1	1	0	0	1	1	1	1
1	1	1	1	0	1	0	1	0	1	0	1	0	0	0	1	1	1	1	1	1	1	1	1	1	1	1	1	0	1	1	0	1	1	0	0	1	1	1	0	1	1	0	1	1	0	1	1	1	0	1	0	1	1	0	0	1	1	1	1
1	1	1	1	0	1	0	1	0	1	0	1	0	1	0	0	1	1	1	1	1	1	1	1	1	1	1	1	0	0	1	0	1	0	1	1	0	1	1	0	0	0	1	0	1	1	0	0	1	0	0	1	1	0	1	0	0	1	1	0
1	1	1	1	0	1	0	1	0	1	0	1	1	0	0	0	1	1	1	1	1	1	1	1	1	1	1	1	0	1	1	0	1	1	0	0	1	1	1	0	1	1	0	1	1	0	1	1	1	0	1	0	1	1	0	0	1	1	1	1
1	1	1	0	0	1	0	1	1	1	0	1	0	0	1	0	1	1	1	1	1	1	1	1	1	1	1	1	0	1	1	0	1	1	0	0	1	1	1	0	1	1	0	0	1	0	1	1	1	0	0	0	1	1	0	0	0	1	1	0
1	1	1	1	0	1	0	1	1	0	1	1	0	0	1	0	1	1	1	1	1	1	1	1	1	1	1	1	0	0	1	0	0	0	1	0	0	0	1	1	0	0	1	0	1	0	0	0	1	1	0	1	1	0	1	1	0	1	1	0
1	1	1	0	1	0	0	0	1	1	0	1	0	0	1	0	1	1	1	1	1	1	1	1	1	1	1	1	1	0	1	1	0	0	0	0	1	0	1	0	1	1	0	1	1	0	1	1	1	0	1	0	1	1	0	0	1	1	1	1
1	1	1	0	1	0	0	0	1	0	1	1	0	0	1	0	1	1	1	1	1	1	1	1	1	1	1	1	1	0	1	1	0	0	0	1	0	0	1	0	0	0	1	0	1	1	0	0	1	1	0	1	1	0	1	1	0	1	1	0
