tyUriMga	isa	yAwrA	ke	pawra	pepara	parce	pawra	meM	meM	bahuwa	kaI	sI	aneka	bAwoM	kI	bAwa	carcA	kI}	gaI	WI	hE	,	,	saMBAviwa	saMBAviwa	samAXAnoM	samAXAna	samAXAnoM	ke	ke	kI	sWAna	sWAna	ke	aMwarikRa	kI	kI}	Koja	se	karake	karake	kara	Koja	samasyAoM	samasyAoM	kara	ke	ke}	samAXAna	kI	ko	hala	kI}	bAwa	karane	kI	gayA	kI}	gaI}	WI	gaI	kahI	jo	ki	,}	jo	WI	heristiksa	,	xvArA	wqwIyaka	ki	jo	,	jisakA	xvArA	nirxeSiwa	wqwIyaka	jisakA	hE	mAnavavijFAniyoM	mAnavawAvAxiyoM	heristiksa	mArgaxarSana	nirxeSiwa	xvArA	WA	unhoMne	mArgaxarSana	hE	svAnuSAsana	.	nirxeSiwa	xvArA	hIristiksa	hyUristiksa	.	WI	se	WA	kiyA	ne	hE	kiyA	.	gayA
1	0	0	1	0	1	0	0	1	1	0	1	0	0	1	1	1	0	0	1	1	0	1	1	1	1	1	1	1	1	1	1	1	1	1	0	1	0	1	0	1	1	0	1	1	1	0	1	0	1	1	0	0	0	1	0	1	0	0	0	1	1	0	1	1	0	1	1	0	1	1	1	1	1	1	0	1	1	1	0	0	0	0	0	0	1	1	0	0	0	0	0	1	1	1	0	0	1	1	0	0	0	0	0	0	1	0
1	0	0	1	0	1	0	0	1	1	0	1	0	0	1	1	1	1	0	1	0	1	1	1	1	1	1	1	1	1	1	1	1	1	1	0	1	0	1	0	1	1	0	1	1	1	0	1	0	1	1	0	0	0	1	0	1	0	0	0	0	1	0	1	1	0	1	0	0	1	1	1	1	1	1	0	1	1	1	0	1	0	0	0	0	1	1	0	0	0	1	0	1	1	1	0	0	1	0	0	0	0	0	1	0	1	0
1	0	0	1	0	1	0	0	1	1	0	1	0	0	1	1	1	0	0	1	1	0	1	1	1	1	1	1	1	1	1	1	1	1	1	0	1	0	1	0	1	1	0	1	1	1	0	1	0	1	1	0	0	0	1	0	1	0	0	0	1	1	0	1	1	0	1	1	0	1	1	1	1	1	1	0	1	1	1	0	0	0	0	0	0	1	1	1	0	0	0	0	1	1	1	0	0	1	1	0	1	0	0	0	0	1	0
1	0	0	1	0	1	0	0	1	1	0	1	0	0	1	1	1	0	0	1	1	0	1	1	1	1	1	1	1	1	1	1	1	1	1	0	1	0	1	0	1	1	0	1	1	1	0	1	0	1	1	0	0	0	1	0	1	0	0	0	1	1	0	1	1	0	1	1	1	1	1	0	1	1	1	0	1	1	0	0	0	0	0	1	0	1	1	1	0	0	0	0	1	1	1	0	0	1	1	0	1	0	0	0	0	1	0
1	0	0	1	0	1	0	0	1	1	0	1	0	0	1	1	1	0	0	1	1	0	1	1	1	1	1	1	1	1	1	1	1	1	1	0	1	0	1	0	1	1	0	1	1	1	0	1	0	1	1	0	0	0	1	0	1	0	0	0	1	1	0	1	1	0	1	1	0	1	1	0	1	1	1	0	1	1	0	0	0	0	1	0	0	1	1	1	0	0	0	0	1	1	1	0	0	1	1	0	1	0	0	0	0	1	0
1	0	0	1	0	1	0	0	1	1	0	1	0	0	1	1	1	0	0	1	1	1	1	1	1	1	1	1	1	1	1	1	1	1	1	0	1	0	1	0	1	1	0	1	1	1	0	1	0	1	1	0	0	0	1	1	1	0	0	0	1	1	0	1	1	0	1	1	0	1	1	1	1	1	1	0	1	1	1	0	1	0	0	0	0	1	1	0	0	0	1	0	1	1	1	0	0	1	1	0	0	0	0	1	0	1	0
1	0	0	1	0	1	0	0	1	1	0	1	0	0	1	1	1	0	0	1	1	0	1	1	1	1	1	1	1	1	1	1	1	1	1	0	1	0	1	0	1	1	0	1	1	1	0	1	0	1	1	0	0	0	1	0	1	1	0	0	1	1	0	1	1	0	1	1	1	1	1	0	1	1	1	0	1	1	0	0	0	0	0	1	0	1	1	1	0	0	0	0	1	1	1	0	0	1	1	0	1	1	0	0	1	1	1
1	0	0	1	0	1	0	0	1	1	0	1	0	0	1	1	1	0	0	1	1	1	1	1	1	1	1	1	1	1	1	1	1	1	1	0	1	0	1	0	1	1	0	1	1	1	0	1	0	1	1	0	0	0	1	1	1	0	0	0	1	1	0	1	1	0	1	1	1	1	1	0	1	1	1	0	1	1	0	0	1	0	0	1	0	1	1	0	0	0	1	0	1	1	1	0	0	1	1	0	0	0	0	1	0	1	0
0	1	0	1	1	0	0	1	1	1	1	0	1	0	1	1	1	1	0	1	0	1	1	1	1	1	1	0	1	1	1	1	1	1	1	0	1	0	1	0	1	1	0	1	1	1	0	1	0	0	1	1	1	0	1	1	1	0	0	0	0	1	1	1	0	0	1	0	0	1	1	0	0	1	1	0	1	1	0	0	1	1	0	0	0	1	1	0	0	0	1	0	1	1	1	0	0	1	0	0	0	0	0	1	0	1	0
0	0	1	1	0	0	1	0	1	1	0	1	0	0	1	1	1	1	0	1	0	0	1	1	1	1	0	1	0	1	1	1	1	1	1	0	1	0	1	1	0	0	1	1	1	1	1	1	0	1	1	1	1	0	1	1	1	1	0	0	0	1	1	0	0	0	0	0	0	1	1	0	0	0	1	1	1	0	0	1	0	0	0	0	1	0	1	0	0	1	0	1	1	0	1	0	0	1	0	1	0	1	0	0	1	1	1
0	0	1	1	1	0	0	1	1	1	0	0	0	1	1	1	1	1	0	1	1	0	1	1	1	1	1	0	1	1	1	1	0	0	1	1	1	0	1	1	0	0	1	1	1	1	1	1	0	0	1	1	1	0	1	1	1	0	0	0	1	1	1	0	0	0	0	1	0	1	0	0	0	0	1	1	0	0	0	1	0	0	0	0	1	0	0	1	1	1	0	0	1	0	0	1	0	1	1	1	1	1	0	0	1	1	0
0	0	1	1	0	0	1	0	1	1	0	1	0	0	1	1	1	1	0	1	1	0	1	1	1	1	1	0	1	1	1	1	1	1	1	0	1	0	1	1	0	0	1	1	1	1	1	1	0	0	1	1	1	0	1	1	1	0	0	0	1	1	1	0	0	0	0	1	0	1	0	0	0	0	1	1	0	0	0	1	0	0	0	0	1	0	0	1	0	1	0	0	1	0	0	0	1	1	1	1	1	1	1	0	1	1	0
